CaseStudy/Spatial/dem.asc
NCOLS 254
NROWS 194
XLLCORNER 688366.000000
YLLCORNER 5102403.800000
CELLSIZE 100.000000
NODATA_VALUE        1e31
[rows 62 to 92 of 194, columns 140 to 209 of 254]
2189.07 2186.09 2187.29 2182.73 2188.09 2190.92 2202.24 2210.57 2231.72 2260.39 2281.66 2310.87 2348.12 2368.57 2403.14 2364.76 2383.19 2444.46 2464.21 2419.15 2405.06 2470.6 2514.79 2484.8 2453.54 2488.72 2542.25 2490.39 2464.56 2480.57 2495.38 2525.17 2568.09 2557.31 2549.32 2547.6 2559.85 2562.92 2515.24 2510.22 2531.44 2566.4 2641.33 2663.13 2654.21 2645.34 2670.69 2661.11 1e31 1e31 1e31 1e31 1e31 1e31 1e31 1e31 1e31 1e31 1e31 1e31 1e31 1e31 1e31 1e31 1e31 1e31 1e31 1e31 1e31 1e31
2167.48 2161.55 2161.43 2158.09 2164.29 2164.48 2176.38 2191.16 2215.19 2230.2 2241.98 2257.07 2289.28 2313.99 2336.93 2325.87 2335.02 2375.64 2405.53 2348.5 2349.5 2433.89 2450.95 2430.06 2388.68 2437.59 2482.03 2457.22 2402.65 2416.83 2438.25 2466.52 2504.84 2499.31 2488 2484.67 2496.01 2509.74 2469.02 2444.11 2469.07 2522.8 2581.73 2607.53 2586.32 2572.85 2617.92 2630.79 1e31 1e31 1e31 1e31 1e31 1e31 1e31 1e31 1e31 1e31 1e31 1e31 1e31 1e31 1e31 1e31 1e31 1e31 1e31 1e31 1e31 1e31
2151.47 2140.27 2128.24 2129.96 2129.8 2140.38 2154.11 2171.08 2189.98 2197.5 2206.02 2221.9 2243.58 2267.9 2280.13 2285.78 2291.02 2315.34 2330.5 2290.63 2301.39 2371.75 2371.42 2362.95 2323.95 2378.85 2402.72 2422.17 2369.63 2341.78 2365.15 2415.86 2438.48 2433.17 2435.01 2429.17 2441.42 2448.82 2410.13 2389.03 2422.93 2481.55 2542.3 2545.05 2516.8 2508.51 2546.8 2576.14 2589 1e31 1e31 1e31 1e31 1e31 1e31 1e31 1e31 1e31 1e31 1e31 1e31 1e31 1e31 1e31 1e31 1e31 1e31 1e31 1e31 1e31
2141.82 2130.46 2110.83 2106.96 2111.58 2117.03 2127.31 2138.42 2153.32 2167.16 2175.67 2191 2207.43 2218.63 2229.93 2234.36 2249.9 2256.37 2261.23 2234.27 2265.46 2299.52 2287.11 2297.19 2256.75 2315.31 2333.41 2351.16 2338.42 2289.1 2318.93 2361.57 2366.78 2381.22 2383.17 2369.44 2387.47 2393.57 2361.13 2341.73 2380.74 2454.24 2489.54 2499.88 2483.69 2449.59 2476.55 2493.53 2547.76 2575.33 1e31 1e31 1e31 1e31 1e31 1e31 1e31 1e31 1e31 1e31 1e31 1e31 1e31 1e31 1e31 1e31 1e31 1e31 1e31 1e31
2133.74 2116.9 2096.78 2092.05 2092.41 2097.14 2102.11 2100 2107.06 2118.5 2127.29 2138.42 2152.1 2162.91 2168.04 2169.67 2175.39 2187.54 2181.27 2177.36 2204 2223.29 2220.88 2230.32 2202.91 2260.55 2262.72 2278.19 2275.02 2245.38 2260.89 2308.26 2306.89 2322.82 2333.53 2315.51 2333.33 2337.43 2307.49 2293 2363.31 2435.42 2434.92 2442.49 2439.28 2398.23 2407.89 2447.1 2475.05 2536.01 2549.64 1e31 1e31 1e31 1e31 1e31 1e31 1e31 1e31 1e31 1e31 1e31 1e31 1e31 1e31 1e31 1e31 1e31 1e31 1e31
2129.91 2106.35 2088.8 2080.64 2072.54 2071.87 2074.54 2067.54 2062.25 2067.81 2074.56 2086.89 2094.43 2099.62 2100.67 2102.55 2109.38 2113.18 2121.84 2129.55 2154.94 2159.36 2156.15 2165.55 2148.73 2183.31 2183.97 2200.51 2211.31 2194.72 2206.26 2250.01 2239.82 2263.79 2270.42 2259.89 2268.83 2280.71 2253.25 2254.61 2326.22 2385.56 2377.38 2377.5 2383.91 2351.13 2350.59 2386.82 2431.74 2489.66 2484.43 2492.54 2540.34 1e31 1e31 1e31 1e31 1e31 1e31 1e31 1e31 1e31 1e31 1e31 1e31 1e31 1e31 1e31 1e31 1e31
2126.25 2104.24 2083.5 2067.76 2057.8 2056.31 2050.95 2045.08 2033.19 2032.61 2031.6 2039.39 2047.46 2050.02 2054.61 2056.93 2058.1 2066.13 2074.36 2083.66 2102.54 2107.53 2105.72 2105.94 2098.89 2116.25 2121.09 2129.48 2137.8 2134.87 2149.67 2176.36 2166.89 2188.23 2202.85 2201.58 2215.88 2223.63 2188.59 2230.5 2305.03 2331.23 2313.33 2329.78 2323.28 2299.38 2294.56 2322.13 2413.14 2442.14 2427.65 2438.59 2484.67 2525.12 2540.77 2568.54 2571.5 2584.48 2617.38 1e31 1e31 1e31 1e31 1e31 1e31 1e31 1e31 1e31 1e31 1e31
2125.58 2102.73 2078.35 2058.34 2052.81 2049.92 2038.11 2027.55 2014.66 2012.88 2006.77 2007.32 2010.76 2015.55 2014.83 2020.46 2019.1 2030 2037.79 2042.5 2055.86 2054.42 2056.19 2057.54 2057.56 2062.95 2071.33 2077.9 2075.45 2086.65 2091.34 2098.72 2102.66 2119.18 2133.38 2136.46 2166.59 2161.08 2134.27 2202.8 2255.43 2263.98 2249.75 2278.65 2254.59 2238.16 2241.98 2303.65 2359.84 2374 2368.83 2392.13 2426.25 2460.97 2478.55 2505.73 2499.83 2525.89 2581.07 2631.04 1e31 1e31 1e31 1e31 1e31 1e31 1e31 1e31 1e31 1e31
2134.66 2110.68 2081.78 2061.17 2051.15 2041 2029.6 2018.27 2009.73 2002.99 1998.65 1996.27 1994.47 1992.08 1993.35 1993.49 1990.38 1990.87 2001.44 1995.17 1996.33 2001.2 2001.26 2004.02 2009.09 2009.1 2015.73 2019.92 2011.49 2015.88 2034.38 2036.13 2041.32 2061.28 2070.88 2075.51 2100.91 2103.54 2096.55 2158.23 2187.9 2193.67 2178.13 2228.67 2208.98 2180.89 2194.68 2268.38 2320.13 2326.08 2316.76 2332.85 2374.43 2404.97 2421.16 2440.55 2434.22 2473.75 2535.79 2585.64 2626.75 1e31 1e31 1e31 1e31 1e31 1e31 1e31 1e31 1e31
2146.25 2125.52 2106.35 2084.95 2068.01 2052.77 2041.88 2034.2 2025.36 2010.31 2002.57 1996.16 1989.21 1984.59 1988.54 1976.12 1973.45 1972.22 1973.6 1967.21 1956.47 1959.61 1963.06 1973.24 1974.07 1960.71 1956.07 1960.27 1971.04 1967.54 1979.95 1984.68 1995.19 1996.92 2011.3 2020.34 2035.45 2044.6 2048.79 2081.43 2109.22 2122.78 2124.71 2179 2156.09 2147.53 2170.51 2244.52 2270.56 2277.24 2273.92 2287.83 2314.96 2347.47 2368.33 2384.86 2372.54 2426.35 2493.96 2530.32 2569.12 2633.49 1e31 1e31 1e31 1e31 1e31 1e31 1e31 1e31
2153.15 2154.32 2147.02 2121.19 2093.82 2083.17 2073.46 2061.33 2050.24 2035.23 2020.02 2010.19 2005.36 1992.56 1985.43 1969.72 1964.68 1965.03 1961.03 1950.01 1945.36 1944.54 1942.86 1949.47 1946.69 1929.09 1919.18 1923.44 1929.48 1935.54 1936.06 1936.21 1952.78 1947.16 1955.1 1964.65 1966.36 1974 2000.58 2027.09 2041.66 2052.82 2076.16 2103.42 2110.13 2099.86 2143.71 2192.66 2211.97 2221.98 2222.07 2241.57 2274.39 2298.18 2310.17 2330.86 2323.69 2389.81 2435.81 2474.2 2533.64 2597.54 1e31 1e31 1e31 1e31 1e31 1e31 1e31 1e31
2186.59 2179.66 2176.52 2163.29 2134.45 2116.07 2098.54 2096.07 2084.52 2068.97 2053.75 2039.07 2024.13 2010.65 1998.01 1980.42 1971.48 1959.06 1955.43 1949.11 1942.6 1939.05 1929.64 1933.79 1929.17 1913.22 1905.92 1901.95 1901.71 1915.21 1912.75 1904.41 1917.2 1912.25 1921.61 1924.64 1935.25 1948.33 1946.33 1974.61 1992.08 1997.18 2024.79 2042.4 2052.67 2042.34 2097.83 2128.71 2150.44 2175.84 2169.64 2199.65 2233.91 2257.15 2257.63 2271.28 2285.9 2340.58 2395.32 2439.24 2506.44 2555.37 2573.2 1e31 1e31 1e31 1e31 1e31 1e31 1e31
2251.36 2209.44 2195.09 2199.58 2193.55 2150.65 2127.99 2115.52 2109.9 2097.45 2082.58 2070.33 2052.31 2037.5 2026.92 2008.97 1999.55 1990.13 1980.88 1972.81 1965.04 1958.99 1947.91 1923.94 1915.91 1905.88 1902.91 1897.09 1895.84 1897.3 1889.2 1881.35 1881.13 1883.85 1890.06 1889.97 1915.03 1921.55 1914.09 1928.42 1941.91 1948.24 1968.46 1977.56 1999.46 1990.97 2038.14 2062.65 2102.53 2119.51 2117.63 2145.64 2192.8 2215.06 2195.85 2208.31 2242.07 2309.05 2350.87 2416.93 2470.25 2482.58 2518.81 1e31 1e31 1e31 1e31 1e31 1e31 1e31
2283.24 2252.55 2216.22 2213.78 2235.53 2193.94 2147.54 2123.89 2112.68 2102.63 2094.9 2088.85 2077.06 2070.71 2065.81 2058.61 2045.95 2033.22 2026.22 2016.73 2001.91 1991.7 1978.39 1966.57 1953.86 1942.99 1931.51 1919.8 1911.31 1894.63 1882.32 1876.96 1873.02 1872.78 1873.69 1881.38 1895.06 1896.44 1886.3 1898.06 1904.96 1915.28 1917.88 1922.78 1935.74 1940.6 1969.01 1996.28 2037.9 2065.03 2062.94 2094.76 2149.37 2164.15 2133.96 2142.25 2221.01 2258.82 2315.26 2381.52 2405.23 2424.8 2461.58 2519.92 1e31 1e31 1e31 1e31 1e31 1e31
2310.51 2281.98 2237.29 2230.54 2274.2 2249.8 2183.88 2145.93 2135.35 2139.67 2129.8 2120.1 2117.9 2106.12 2105.67 2101.07 2086.35 2084.71 2081.3 2076.9 2066.55 2047.22 2032.01 2020.23 2005.28 1989.01 1971.2 1952.88 1941.92 1926.54 1914.87 1904.87 1885.45 1873.13 1865.67 1871.16 1874.55 1866.11 1859.36 1869.3 1875.64 1877.92 1871.18 1875.19 1880.76 1893.44 1908.77 1933.73 1968.08 2007.04 2005.66 2051.97 2098.77 2105.53 2085.7 2135.23 2178.77 2227.98 2295.15 2338.83 2346.34 2379.2 2426.33 2495.18 1e31 1e31 1e31 1e31 1e31 1e31
2338.14 2294.89 2265.29 2299.27 2300.49 2263.26 2204 2158.31 2159.69 2167.36 2167.19 2166.39 2172.22 2168.16 2153.8 2139.45 2129.26 2131.07 2124.53 2121.87 2125.06 2121.86 2101.25 2080.26 2063.58 2045.55 2025.21 2007.7 1991.38 1975.25 1963.65 1951.67 1930.87 1910.36 1885.83 1862.73 1855.68 1848.88 1843.7 1842.92 1846.6 1847.96 1843.33 1844.02 1855.06 1848.29 1860.78 1877.94 1911.01 1938.78 1944.02 2005.65 2044.04 2046.99 2052.49 2109.84 2147.04 2208.93 2262.15 2277.88 2282.51 2327.17 2401.55 2452.17 2513.2 1e31 1e31 1e31 1e31 1e31
2362.13 2322.87 2348.52 2352.45 2311.36 2268.06 2204.96 2182.4 2193.69 2217.99 2223.01 2226.45 2226.32 2235.44 2199.87 2165.59 2174.39 2178.93 2174.78 2177.13 2172.63 2150.3 2136.67 2121.02 2109.51 2101.25 2086.4 2070.2 2048.13 2028.1 2010.65 1998.1 1985.07 1964.24 1935.5 1904.11 1883.25 1867.36 1854.01 1838.28 1827.7 1825.46 1823.85 1823.51 1833.64 1819.53 1814.38 1827.24 1857.5 1879.57 1890.18 1938.16 1984.74 1991.7 2029.67 2062.11 2116.7 2170.42 2210.22 2213.71 2234.31 2307.45 2337.14 2405.08 2475.45 2532.24 1e31 1e31 1e31 1e31
2375.65 2373.1 2384.1 2385.12 2337.33 2292.41 2261.1 2234.36 2248.55 2272.14 2280.42 2280.28 2293.29 2307.06 2238.38 2192.71 2200.91 2214.8 2231.36 2229.31 2186.77 2159.84 2157.7 2138.62 2126.33 2118.99 2124.33 2120.33 2103.63 2084.71 2059.98 2048.93 2036.96 2022.17 2011.49 1977.48 1938.3 1908.75 1886.51 1868.59 1855.01 1838.62 1825.59 1811.65 1813.99 1800.06 1787.75 1792.19 1808.26 1827.11 1845.79 1887.98 1922.7 1946.98 1985.22 2028.48 2074.15 2099.67 2156.17 2157.33 2221.8 2243.83 2320.42 2362.33 2418.75 2482.77 2543.5 1e31 1e31 1e31
2323.57 2317.15 2325.57 2347.75 2366.88 2332.29 2305.96 2296.44 2303.3 2332.94 2332.48 2337 2371.2 2335.72 2242.78 2201.82 2201.66 2236.12 2294.48 2237.82 2191.83 2167.41 2168.92 2164.72 2147.15 2128.64 2128.81 2130.07 2127.91 2117.5 2116.97 2116.13 2077.21 2062.96 2072.25 2036.05 2000.76 1971.49 1936.44 1908.96 1883.72 1863.28 1849.02 1818.92 1792 1778.41 1769.83 1768.75 1779.16 1807.79 1813.07 1832.3 1868.73 1895.19 1923.44 1985.05 2015.14 2074.11 2092.22 2122.39 2151.88 2223.84 2280.8 2321.5 2371.15 2422.49 2505.55 1e31 1e31 1e31
2272.02 2268.73 2267.15 2288.7 2325.14 2361.5 2378.93 2367.74 2368.65 2379.12 2387.22 2405.48 2418.49 2329.83 2244.22 2202.1 2202.12 2244.47 2309.18 2238.5 2193.48 2168.81 2171.14 2198.43 2167.35 2152.7 2147.49 2153.79 2158.56 2157.13 2163.06 2154.86 2112.94 2104.62 2096.46 2064.94 2041.51 2017.99 1983.06 1951.57 1931.01 1913.45 1891.34 1860.8 1824.93 1802.66 1775.63 1760.96 1763.85 1776.12 1781.74 1806.98 1820.16 1846.64 1884.5 1926.76 1980.2 2026.22 2041.95 2073.6 2135.74 2184.06 2217.96 2281.45 2328.13 2411.83 2497.59 1e31 1e31 1e31
2210.73 2211.13 2210.84 2233.05 2264.19 2305.91 2349.66 2321.77 2313 2334.99 2376.43 2378.59 2404.83 2340.42 2260.81 2203.35 2203.81 2253 2319.87 2245.38 2202.46 2176.75 2192.01 2233.95 2196.58 2162.02 2170.99 2186.99 2198.09 2210.28 2214.68 2186.21 2146.37 2144.91 2113.48 2093.46 2072.36 2053.27 2024.1 2005.47 1986.64 1965.53 1943.26 1923.88 1891.32 1856.69 1818.07 1780.52 1755.58 1753.77 1761.15 1766.02 1785.3 1807.49 1836.43 1884.86 1925.37 1962.32 2007.1 2050.21 2080.5 2134.45 2187.06 2236.8 2304.09 2394.15 2491.72 2553.15 1e31 1e31
2165.4 2159.21 2144.44 2175.72 2202.21 2252.83 2282.64 2256.96 2259.24 2283.15 2319.55 2302.61 2331.45 2356.85 2281.35 2230.67 2244.73 2276.62 2345.45 2262.17 2225.63 2200.47 2228.15 2251.97 2192.27 2167.86 2185.55 2217.71 2240.96 2269.07 2254.41 2202.01 2161.14 2150.36 2133.93 2118.28 2110.14 2107.3 2092.96 2068.01 2041.63 2008.46 2001.04 1978.5 1946.33 1914.54 1872.24 1829.26 1780.94 1751.47 1741.84 1743.75 1753.74 1770.5 1811.37 1838.17 1876.85 1920.04 1966.03 2011.32 2051.37 2086.95 2158.41 2224.14 2279.35 2368.21 2451.33 2535.29 1e31 1e31
2104.09 2098.69 2080.07 2104.25 2166.26 2220.9 2223.44 2198.94 2205.99 2229.85 2266.53 2233.17 2276.46 2320.65 2324 2294.79 2310.82 2329.96 2387.04 2301.68 2254.48 2238.46 2270.19 2282.3 2192.03 2176.94 2205.94 2252.11 2307.17 2329.57 2277.04 2212.25 2179.04 2164.61 2156.06 2148.5 2166.6 2194.08 2178.86 2112.23 2082.82 2055.75 2060.21 2040.23 2000.06 1965.37 1926.98 1882.54 1833.28 1780.64 1749.2 1721.53 1728.09 1735.53 1770.7 1802.23 1835.68 1870.12 1923.08 1963.8 2016.32 2075.29 2119.3 2197.1 2273.46 2321.7 2409.56 2502.35 1e31 1e31
2046.19 2030.02 2031.97 2060.27 2134.27 2181.61 2170.37 2133.02 2137.47 2174.26 2212.02 2168.66 2219.13 2273.42 2324.94 2366.94 2354.27 2363.11 2385.16 2356.01 2284.2 2286.59 2346.35 2291.02 2208.42 2189.85 2234.6 2305.44 2373.6 2333.52 2303.05 2249.22 2211.89 2216.54 2209.26 2229.03 2266.83 2277.2 2214.84 2148.33 2111.45 2114.21 2143.59 2109.53 2072.36 2037.83 1996.65 1937.46 1886.7 1819.47 1778.31 1733.67 1705.16 1720.72 1743.98 1762.54 1797 1834.4 1874.96 1936.33 1980.1 2044.88 2105.32 2154.26 2225.86 2323.48 2422.61 2513.13 1e31 1e31
1985.98 1971.66 1991.73 2031.67 2092.38 2126.02 2119.52 2089.13 2081.49 2119.58 2155.06 2122.02 2169.08 2228.73 2284.08 2311.28 2289.46 2298.83 2321.28 2332.63 2348.07 2388.92 2400.46 2310.52 2243.37 2235.34 2290.36 2362.96 2399.62 2350.49 2322.6 2279.11 2265.53 2262.3 2285.6 2334.47 2353.35 2298.66 2227.17 2179.17 2157.47 2201.99 2218.73 2175.31 2136.4 2105.01 2060.91 1990.84 1928.34 1886.05 1823.65 1762.52 1728.54 1693.08 1711.21 1739.1 1764.64 1798.76 1838.37 1890.44 1946.84 2002.53 2084.01 2184.96 2255.89 2325.78 2371.01 2499.92 1e31 1e31
1929.33 1911.22 1948.22 2007.63 2051.79 2059.88 2056.83 2034.21 2035.29 2075.72 2098.88 2070.27 2114.47 2179.9 2245.31 2258.91 2236.55 2249.08 2263.7 2271.36 2317.6 2361.42 2384.11 2375.19 2320.54 2310.21 2369.93 2405.21 2413.11 2379.33 2345.64 2290.83 2304.55 2333.08 2379.33 2420 2402.28 2331.58 2270.12 2251.59 2259.12 2281.79 2278.15 2238.95 2188.09 2141.98 2083.28 2032.4 2000.54 1944.67 1877.22 1803.4 1754.08 1692.7 1684.63 1706.5 1734.29 1766.79 1804.67 1853.55 1918.7 1974.03 2057.44 2139.2 2208.05 2266.28 2348.43 2474.95 1e31 1e31
1867.03 1861.95 1922.43 1956.83 1979.49 1987.15 1988.68 1980.76 1988.62 2032.33 2039.59 2029.72 2085.56 2144.59 2206.79 2204.74 2179.23 2185.98 2206.21 2224.22 2271.17 2320.43 2334.5 2336.47 2341.38 2362.33 2406.67 2422.19 2426.4 2411.88 2368.66 2330.51 2356.24 2389.51 2396.48 2392.26 2395.5 2385.21 2346.33 2333.5 2324.45 2308.77 2276.95 2233.76 2182.47 2141.53 2109.88 2105.95 2052.05 1987.5 1940.35 1872.96 1801.65 1720.58 1673.62 1675.59 1705.15 1733 1766.99 1820.97 1881.75 1960.21 2027.41 2095.86 2194.1 2270.91 2368.48 2490.91 1e31 1e31
1812.81 1832.66 1866.17 1888.53 1902.07 1909.35 1921.55 1918.05 1940.31 1989.21 1972.04 1995.98 2052.03 2111.66 2172.38 2160.48 2127.22 2124.85 2139.7 2181.94 2226.29 2271.49 2265.25 2278.06 2282.03 2317.2 2362.94 2414.14 2418.71 2399.22 2369.6 2354.95 2375.67 2348.09 2343.65 2336.46 2334.26 2336.09 2338.27 2337.76 2328.14 2303.3 2263.52 2229.35 2188.49 2156.8 2151.56 2142.33 2099.6 2055.28 1973.9 1924.73 1846.85 1756.03 1692.75 1650.13 1674.06 1699.06 1746.23 1797.56 1864.28 1922.74 2001.35 2093.48 2180.5 2232.6 2407.52 2500.13 2473 1e31
1764.7 1784.32 1809.96 1826.9 1830.59 1844.56 1860.18 1857.42 1899.38 1944.71 1913.39 1952.81 1997.76 2089.84 2116.2 2114.2 2091.3 2072.35 2093.67 2129.98 2186.04 2222.64 2200.66 2215.61 2243.07 2270.63 2319.38 2369.73 2346.23 2330.33 2316.05 2298.28 2320.07 2306.66 2297.59 2297.17 2298.84 2289.53 2284.3 2288.65 2295.84 2290.98 2259.29 2232.8 2207.31 2175.85 2164.53 2147.98 2126.61 2096.62 2039.08 1965.19 1878.47 1798.32 1722.77 1662.75 1642.41 1678.75 1717.77 1768.89 1837.48 1898.81 1966.88 2041.15 2109.94 2176.51 2270.91 2373.76 2446.15 2430.55
1715.66 1728.18 1745.69 1761.54 1769.85 1782.26 1793.13 1798.64 1829.27 1873.67 1858.89 1917.49 1981.73 2026.42 2037.55 2050.59 2041.8 2008.06 2040.36 2083.68 2138.86 2165.06 2129.93 2150.04 2183.95 2225.61 2276.45 2321.08 2284.68 2269.55 2243.25 2242.65 2271.29 2254.39 2238.22 2250.78 2257.02 2253.02 2227.9 2229.43 2256.65 2273.13 2235.53 2212.12 2196.44 2187.17 2169.13 2150.64 2127.26 2098.46 2038.14 1973.01 1901.54 1821.32 1741.05 1673.75 1629.63 1648.8 1693.01 1741.08 1794.34 1865.12 1942.18 2019.26 2102.63 2183.27 2282.65 2391.7 2423.49 2414.54
1657.11 1668.96 1676.15 1683.98 1694.59 1716.17 1729.2 1734.52 1772.84 1806.49 1812.44 1874.44 1916.59 1940.37 1960.78 1986.3 1990.61 1954.7 1985.19 2036.49 2095.91 2104.18 2081.32 2093.17 2138.19 2179.83 2236.48 2283.45 2231.85 2191.87 2175.51 2175.76 2216.2 2200.96 2177.99 2193.15 2206.98 2187.88 2160.48 2157.36 2208.24 2219.6 2181.14 2152.38 2124.27 2140.52 2156.4 2154.93 2126.33 2091.67 2018.56 1961.86 1897.77 1823.73 1743.68 1679.14 1633.14 1636.04 1686.95 1734.87 1781.74 1845.81 1927.17 2007.53 2115.76 2181.07 2264.86 2314.1 2399.39 2398.42
