CaseStudy/Spatial/dem.asc
NCOLS 254
NROWS 194
XLLCORNER 688366.000000
YLLCORNER 5102403.800000
CELLSIZE 100.000000
NODATA_VALUE        1e31
[rows 124 to 154 of 194, columns 140 to 209 of 254]
2226.75 2200.86 2238.86 2272.69 2268.35 2301.87 2330.09 2344.36 2314.33 2302.41 2290.89 2304.15 2280.99 2238.51 2221.39 2265.52 2263.73 2220.02 2222.55 2217.82 2176.4 2135.08 2076.13 2026.83 1996.03 2021.21 1969.55 1903.85 1902.62 1868.18 1859.07 1901.22 1838.18 1835.99 1919.57 1871.77 1868.44 1934.08 1943.35 1967.87 2058.22 2036.59 1990.86 1953.55 2014.36 2079.27 2121.24 2071.91 2050.26 2032.97 1970.81 1926.24 1907.46 1895.94 1955.49 1999 1942.59 1891.47 1942.6 1891.29 1839.56 1783.88 1720.28 1694.61 1664.51 1627.73 1619.02 1599.09 1579.15 1544.89
2144.99 2143.53 2179.29 2194.18 2196.5 2249.99 2274.37 2288.51 2306.65 2316.34 2289.87 2249.94 2219.63 2172.59 2159.88 2216.24 2193.67 2149.24 2158.67 2156.19 2109.15 2081.77 2038.69 1982.11 1915.33 1933.41 1903.48 1846.89 1827.65 1801.96 1785.72 1784.58 1773.93 1766.67 1791.07 1800.07 1809.26 1917.32 1868.18 1952.86 1962.54 1924.49 1929.35 1886.71 1994.68 2024.98 2041.93 2013.73 1975.98 1993.73 1945.96 1880.21 1837.59 1823.82 1825.06 1952.98 1872.31 1828.6 1920.57 1811.97 1772.23 1746.34 1721.94 1693.52 1659.02 1622.06 1610.75 1592.71 1567.77 1534.02
2075.85 2091.99 2123.81 2122.17 2152.32 2173.32 2212.39 2218.03 2248.01 2247.81 2209.28 2173.56 2155.26 2113.08 2107.15 2170.15 2142.36 2090.11 2120.23 2132.78 2038.22 2043 1966.22 1977.06 1877.47 1854.37 1827.36 1787.82 1763.88 1737.8 1723.39 1716.87 1715.43 1714.14 1719.58 1727.95 1744.37 1785.37 1793.44 1889.92 1854.45 1885.54 1857.81 1823.65 1934.8 2010.8 1980.16 1937.17 1912.32 1959.29 1880.94 1867.3 1811.85 1757.08 1737.01 1854.59 1823.76 1777.33 1763.19 1756.32 1713.18 1719.46 1713.38 1689.28 1656.86 1627.21 1607.24 1579.48 1538.04 1502.41
2016.65 2033.27 2057.33 2064.8 2110.43 2109.58 2151.05 2148.56 2197.82 2190.58 2136.66 2096.63 2122.01 2059.41 2046.08 2110.86 2097.83 2033.91 2079.37 2035.84 2002 1960.32 1919.18 1888.72 1834.92 1787.56 1759.91 1736.9 1704.62 1683.02 1665.46 1654.7 1653.29 1656.54 1655.03 1663.22 1680.93 1700.58 1714.66 1752.81 1763.05 1809.07 1792.68 1767.78 1901.14 1854.04 1908.69 1817.99 1849.53 1927.06 1831.2 1777.96 1751.79 1737.43 1665.33 1783.69 1745.88 1737.19 1692 1701.08 1653.71 1661.17 1720.49 1669.86 1633.7 1622.64 1593.12 1559.7 1527.73 1496.37
1945.09 1967.99 1987.3 2011.74 2049.27 2049.94 2086.96 2085.92 2152.02 2152.25 2123.06 2025.7 2098.6 2007.43 1978.68 2066.06 2009.48 1965.6 2026.99 1953.13 1928.85 1891.12 1871.12 1818.84 1791.48 1746.98 1703.22 1680.71 1651.5 1627.35 1612.57 1602.56 1595.27 1598.06 1598.11 1609.69 1617.04 1630.02 1646.6 1676.66 1684.38 1700.57 1700.34 1717.78 1737.87 1753.05 1826.29 1739.59 1804.44 1898.46 1803.24 1722.8 1664.34 1672.49 1615.12 1676.84 1645.36 1671.45 1643.86 1600.37 1593.78 1645.94 1656.22 1612.81 1562.85 1574.51 1554.43 1520.28 1491.87 1477.6
1882.8 1898.78 1916.1 1942.13 1964.82 1987.22 2001.25 2003.32 2001.61 2012.92 2016.29 1969.98 2025.51 1965.48 1907.11 1994.3 1963.42 1893.97 2002.1 1909.81 1860.57 1836.5 1800.89 1774.39 1735.02 1700.51 1660.18 1630.18 1605.9 1581.91 1559.86 1554.08 1550.22 1545.07 1547.12 1559.1 1549.45 1576.39 1579.97 1593.44 1613.62 1623.34 1633.1 1649.28 1661.88 1683.53 1700.93 1680.45 1798.97 1820.47 1754.15 1650.63 1594.66 1581.72 1548.65 1559.37 1537.06 1539.56 1552.25 1536.03 1519.97 1507.55 1503.19 1503.4 1490.58 1485.41 1482.3 1439 1414.19 1405.89
1824.64 1838.74 1852.54 1874.54 1895.55 1924.26 1938.38 1925.78 1921.44 1915.95 1907.63 1909.39 1904.42 1894.04 1843.31 1892.43 1866.67 1846.04 1881.18 1824.1 1789.75 1777.21 1751.07 1712.34 1682.83 1642.97 1613.82 1585.85 1558.58 1542.76 1521.55 1514.75 1509.73 1513.86 1506.76 1513.1 1506.36 1533.01 1531.83 1528.94 1551.07 1559.31 1577.56 1579.65 1596.97 1619.19 1618.87 1616.69 1624.11 1623.08 1607.57 1567.99 1531.21 1509.18 1489.27 1476.81 1461.8 1461.62 1459.77 1453.35 1448.34 1434.01 1425.07 1416.98 1406.61 1402.9 1381.31 1369.18 1358.43 1356
1770.37 1782.32 1795.6 1816 1838.41 1865.68 1858.03 1834.22 1833.33 1834.43 1834.82 1834.07 1821.91 1816.47 1783.86 1801.19 1793.5 1775.21 1775.37 1744.38 1722.31 1708.1 1679.06 1639.49 1617.04 1592.49 1560.15 1540.92 1531.76 1505.47 1495.91 1489.32 1490.05 1488.99 1485.44 1484.21 1482.63 1488.76 1486.12 1494.01 1499.53 1501.16 1533.56 1519.3 1535 1549.98 1557.56 1559.91 1548.46 1533.59 1516.66 1498.75 1478.96 1461.4 1448.76 1434.98 1408.09 1394.81 1394.61 1400.73 1398.44 1383.33 1364.78 1361.53 1356.89 1352.75 1349.47 1349 1348.19 1347.59
1719.71 1727.37 1736.63 1748.13 1766.11 1813.34 1784.88 1779.06 1771.14 1775.39 1776.93 1771.44 1761.83 1755.84 1730.77 1724.57 1708.01 1695.84 1674.7 1656.04 1635.46 1624.4 1591.55 1560.81 1542.16 1522.46 1507.82 1506.54 1504.86 1491.66 1485.96 1484.79 1483.96 1482.19 1480.99 1480.09 1481.03 1480.53 1472.01 1468.29 1468.41 1467.79 1486.43 1475.12 1473.51 1486.88 1497.76 1513.78 1495.02 1470.72 1457.12 1445.14 1431.77 1417.29 1411.59 1396.77 1373.64 1364.75 1360.99 1360.85 1360.38 1353.22 1352.05 1351.99 1352.29 1351.41 1351.22 1351.49 1352.04 1351.46
1674.12 1677.33 1675.78 1691.39 1705.66 1718.29 1720.36 1728.73 1718.68 1710.51 1710.64 1707.09 1712.35 1689.36 1670.52 1656.32 1639.35 1649.66 1611.41 1584.61 1570.37 1576.23 1544.37 1514.27 1500.43 1496.41 1490.35 1488.35 1487.3 1486.16 1485.56 1485.21 1485.85 1489.54 1494.27 1494.57 1493.04 1496.46 1490.1 1471.72 1454.12 1449.38 1446.27 1444.45 1436.85 1438.82 1450.52 1468.2 1450.6 1427.11 1407.83 1399.46 1391.11 1384.93 1380.85 1367.33 1362.56 1359.69 1357.33 1358.4 1357.18 1355.94 1357.58 1357.12 1366.76 1356.02 1357.41 1357.48 1370.37 1360.72
1649.45 1648.34 1651.52 1653.44 1662.47 1670.11 1682.93 1688.3 1682.36 1677.73 1677.05 1668.85 1666.77 1649.76 1629.07 1625.75 1609.07 1608.37 1586.71 1559.06 1533.56 1529.61 1510.23 1499.35 1496.43 1495.4 1498.58 1498.74 1506.16 1501.41 1508.31 1519.6 1538.15 1547.44 1551.3 1545.67 1532.97 1528.32 1516.71 1492.17 1475.61 1457.67 1448.41 1439.04 1436.81 1428.96 1423.29 1426.3 1419.31 1411 1421.93 1425.35 1410.42 1390.6 1390.99 1392.24 1380.7 1381.01 1374.1 1378.21 1379.64 1382.75 1390.34 1392.49 1399.97 1394.48 1394.63 1397.96 1411.42 1406.68
1640.66 1640.37 1640.33 1640.97 1640.66 1641.2 1645.03 1647.4 1652.32 1644.81 1643.88 1639.2 1631.93 1620.6 1605.85 1602.94 1587.04 1574.94 1561.79 1546.57 1544.57 1543.22 1520.43 1509.97 1511.48 1514.51 1539.85 1536.24 1550.79 1553.78 1578.28 1599.47 1622.21 1635.32 1627.55 1619.89 1610.06 1590.15 1582.03 1557.64 1524.71 1498.99 1482.33 1462.96 1462.06 1443.59 1441.63 1430.41 1424.48 1431.07 1438.38 1439.75 1429.12 1403.22 1411.31 1417.06 1415.14 1410.31 1412.23 1418.49 1429.9 1425.46 1435.65 1440.93 1448.51 1452.69 1455.19 1462.74 1462.24 1468.3
1643.76 1642.93 1640.21 1638.8 1639.47 1635.2 1629.59 1628.52 1624.89 1619.22 1616.63 1611.54 1605.56 1601.56 1587.72 1581.32 1572.01 1569.6 1571.57 1573.25 1570.58 1565.17 1559.41 1561.96 1563.78 1565.82 1584.89 1586.04 1595.56 1624.43 1646.91 1689.23 1708.19 1695.75 1686.93 1676.48 1667.71 1654.13 1652.21 1629.48 1599.63 1574.86 1551.65 1520.69 1498.71 1484.62 1472.84 1462.97 1455.9 1462.34 1466.19 1460.63 1447.98 1441.4 1457.85 1450.68 1446.35 1450.8 1455.84 1473.68 1481.94 1486.28 1496.84 1508.28 1507.05 1515.44 1521.19 1528.98 1522.57 1544.92
1651.13 1651.31 1647.79 1643.27 1647.58 1648.14 1640.53 1639.31 1633.49 1631.98 1625.24 1635.08 1630.28 1623.79 1599.99 1602.14 1602.51 1610.08 1613.04 1608.66 1612.66 1616.82 1628.57 1633.09 1636.96 1651.6 1645.56 1660.09 1672.99 1685.81 1723.92 1747.61 1735.75 1732.1 1725.02 1725.82 1725.55 1713.23 1704.07 1688.53 1662.23 1644.54 1620.25 1586.14 1566.25 1536.47 1516.44 1510.31 1505.19 1504.75 1510.56 1504.86 1502.34 1516.4 1518.47 1502.65 1520.93 1519.05 1513.44 1537.16 1539.58 1544.31 1560.32 1575.03 1559.74 1576.57 1590.73 1608.28 1594.6 1622.64
1664.77 1672.32 1673.36 1677.47 1669.76 1684.28 1681.58 1674.61 1673.71 1676.33 1660.81 1661.12 1671.16 1647.01 1643.16 1652.28 1664.46 1675.6 1671.36 1679.08 1670.97 1688.06 1697.52 1704.02 1707.45 1722.97 1725.31 1735.15 1748.18 1748.71 1771.72 1787.67 1796.27 1792.92 1783.57 1775.81 1782.14 1762.26 1772.96 1751.06 1736.37 1715.95 1683.12 1660.18 1625.16 1598.57 1579.03 1568.54 1573.37 1567.07 1567.59 1561.87 1567.8 1584.07 1566.71 1558.42 1589.78 1588.69 1571.91 1597.05 1603.79 1616.62 1627.27 1640.53 1616.5 1651.55 1668.44 1679.83 1657.45 1689.17
1698.8 1691.48 1703.09 1714.45 1717.26 1726.76 1727.18 1724.46 1726.35 1723.04 1716.69 1714.83 1708.53 1706.59 1716.35 1727.06 1728.51 1740.98 1741.74 1744.9 1736.03 1751.83 1765.92 1771.64 1775.85 1783.96 1785.67 1793.12 1808.69 1822.88 1857.77 1914.2 1923.09 1906.84 1868.57 1842.42 1837.27 1826.83 1848.51 1826.15 1786.87 1761.3 1736.74 1723.15 1684.27 1671.33 1657.64 1632.39 1635.62 1624.4 1629.32 1626.23 1637.85 1637.4 1616.41 1624.12 1643.02 1647.35 1630.25 1661.15 1673.91 1683.06 1698.81 1694 1695.24 1721.95 1734.34 1739.96 1726.63 1756.4
1738.3 1719.79 1740.3 1756.04 1764.3 1761.27 1757.93 1763.59 1770.98 1768.23 1765.83 1763.98 1755.26 1760.17 1768.37 1779.7 1789.08 1812.26 1813.43 1814.54 1789.07 1811.78 1842.56 1850.9 1845.55 1859.22 1860.73 1852.21 1888.66 1906.06 1945.44 2006.19 1999.42 1949.44 1905.58 1890.14 1877.55 1886.2 1915.23 1896.14 1862.75 1829.39 1787.68 1787.58 1742.43 1740.45 1723.47 1701.35 1698.41 1691.25 1695.21 1703.1 1705.77 1683.44 1658.39 1679.08 1700.56 1712.08 1711.19 1731.28 1737.92 1748.61 1759.26 1768.93 1769.11 1793.44 1806.35 1807.4 1796.77 1822.26
1783.22 1755.22 1767.67 1787.53 1797.43 1790.55 1792.83 1796.92 1815.16 1822.96 1821.1 1816.77 1807.3 1819.14 1835.3 1847.04 1851.4 1870.74 1883.58 1887.04 1852.65 1873.38 1901.26 1919.05 1913.53 1920.02 1939.66 1918.18 1975.28 1976.24 2008.95 2063.72 2014.95 1973.94 1948.37 1930.94 1921.82 1947.95 1979.22 1958.17 1926.39 1882.58 1863.51 1835.93 1814.41 1816.34 1794.64 1779.37 1763.23 1762.29 1770.56 1774.69 1738.99 1695.56 1695.85 1711.22 1750.17 1767.03 1766.2 1786.87 1800.7 1811.3 1827.43 1839.15 1836.45 1866.58 1869.78 1852.85 1868.13 1893.87
1803.19 1776.64 1797.09 1821.35 1847.3 1843.56 1836.77 1843.34 1854.44 1874.22 1882.21 1887.9 1863.78 1884.62 1900.34 1906.95 1907.69 1933.36 1953.85 1947.52 1910.15 1919.96 1955.28 1985.28 1984.17 1984.03 2003.38 2000.57 2015.44 2037.09 2090.22 2083.08 2036.94 2007.59 1974.67 1960.57 1974.18 2005.79 2050.24 2016.15 1980.96 1932.54 1927.78 1875.7 1891.07 1880.9 1854.83 1844.91 1823 1832.91 1826.53 1771.36 1739.09 1713.89 1727.9 1754.2 1797.43 1812.55 1827.4 1847.7 1864.39 1876.37 1899.69 1911.14 1900.72 1932.91 1942.75 1925.77 1944.14 1965.46
1819.61 1798.25 1817.73 1854.2 1885.72 1893.22 1895.26 1903 1912.02 1936.26 1950.43 1963.29 1914.66 1945.56 1970.9 1980.51 1973.55 1992.22 2014.43 1982.51 1954.78 1955.88 1991.49 2028.22 2043.3 2045.12 2062.3 2068.53 2105.23 2109.13 2155.97 2118.8 2074.78 2056.21 2005.64 1996.13 2025.83 2066.64 2102.53 2072.8 2036.22 2017.64 1967.49 1947.7 1968.38 1947.72 1922.15 1903.26 1880.36 1865.3 1810.12 1774.16 1745.46 1745.39 1764.57 1801.15 1837.96 1872.06 1891.02 1912.12 1930.78 1939.17 1953.79 1974.94 1973.72 1993.81 2005.96 1995.19 2011.57 1e31
1830.74 1814.92 1832.67 1869.93 1910.21 1958.35 1994.31 1981.85 2013.74 2006.86 2021.71 2024.68 1976.19 1992.39 2040.64 2051.48 2044 2048.6 2059.62 2024.19 2003.95 1994.45 2020.04 2064.98 2106.15 2137.06 2184.23 2162.93 2201.49 2182.78 2210.61 2162.27 2130.03 2101.22 2062.79 2055.52 2093.24 2127.8 2163.94 2134.44 2095.47 2065.45 2037.4 2018.67 2035.79 2005.47 1974.76 1941.72 1897.8 1848.83 1809.31 1784.56 1772.28 1790.65 1815.81 1852.49 1873.61 1923.53 1949.34 1971.91 1989.07 2006.45 2023.29 2038.32 2049.59 2052.78 2047.86 1e31 1e31 1e31
1838.48 1830.12 1843.17 1873.2 1920.81 1989.86 2053.32 2085.98 2084.93 2068.15 2081.54 2082.25 2033.87 2044.09 2104.46 2108.13 2105.23 2096.52 2071.73 2042.44 2036.54 2029.61 2052.17 2096.01 2137.11 2200.19 2244.92 2236.3 2267.96 2260.24 2257.69 2207.84 2180.61 2139.38 2110.54 2127.73 2160.21 2190.07 2228.92 2193.01 2178.95 2130.19 2113.55 2094.01 2107.23 2058.45 1991.56 1916.1 1874.85 1845.12 1828.21 1807.38 1803.04 1825.11 1887.34 1908.57 1920.01 1966.43 2015.43 2041.86 2065.53 2078.23 2091.06 2100.2 2100.45 1e31 1e31 1e31 1e31 1e31
1844.37 1840.52 1852.12 1877.35 1930.76 2010.58 2083.42 2148.4 2158.15 2140.29 2142.7 2126.8 2109.24 2103.8 2156.95 2155.72 2127.97 2112.57 2098.29 2076.72 2066.95 2066.69 2077.46 2124.46 2181.97 2234.77 2307.11 2329.36 2348.61 2334.51 2305.99 2258.48 2215.3 2174.38 2169.04 2202.34 2235.66 2260.75 2297.99 2263.99 2241.76 2213.83 2188.94 2171.36 2145.67 2064.37 1966.12 1903.13 1861.85 1853.91 1839.57 1826.67 1845.96 1913.01 1949.77 1975.14 1979.24 2003.37 2074.68 2110.99 2133.48 2143.32 1e31 1e31 1e31 1e31 1e31 1e31 1e31 1e31
1867.86 1860.64 1868.97 1898.97 1950.93 2022.22 2092.66 2187.93 2197.86 2185.56 2194.21 2153.8 2151.64 2144.17 2197.69 2191.52 2141.48 2128.77 2118.28 2102.92 2102.27 2100.6 2112.38 2165.88 2215.71 2276.65 2334.07 2406.38 2419.86 2421.54 2392.82 2329.12 2277.83 2261.72 2270.22 2283.44 2315.07 2327.42 2302.59 2270.86 2242.09 2211.43 2181.77 2150.59 2119.52 2054.16 1971.19 1913.02 1892.87 1874.5 1880.17 1881.66 1931.38 1974.16 2008.27 2030.38 2050.5 2076.58 2123.44 2173.95 1e31 1e31 1e31 1e31 1e31 1e31 1e31 1e31 1e31 1e31
1941.57 1917.91 1909.14 1936.96 1991.51 2045.74 2123.96 2218.9 2242.43 2235.38 2229.27 2174.14 2160 2172.75 2228.92 2218.68 2167.76 2138.56 2122.7 2118.01 2121.95 2123.36 2149.02 2209.69 2264.45 2325.32 2387.52 2445.95 2470.92 2464.78 2447.44 2407.49 2379.76 2349.81 2352.91 2351.77 2325.6 2283.44 2249.88 2226.12 2195.4 2170.93 2144.23 2109.39 2082.39 2057.08 1993.31 1956.7 1921.21 1907.1 1946.11 1972.85 1999.01 2032.88 2062.9 2093.38 2116.73 2138.7 2174.93 1e31 1e31 1e31 1e31 1e31 1e31 1e31 1e31 1e31 1e31 1e31
2002.62 1972.61 1975.52 1995.71 2037.38 2091.34 2163.92 2253.56 2280.97 2289.92 2234.37 2187.3 2186.74 2209.25 2271.05 2267.13 2223.8 2159.73 2140.27 2136.52 2139.27 2157.78 2202.2 2258.16 2316.54 2382.83 2435.4 2477.76 2469.23 2455.61 2439.14 2419.58 2400.3 2369.23 2339.56 2303.11 2263.79 2226.69 2197.86 2177.13 2161.2 2137.13 2120.53 2091.64 2075.8 2060.24 2033.23 1988.56 1939.33 1937.83 1985.43 2031.73 2054.22 2089.46 2119.66 2153.3 2182.36 2196.7 1e31 1e31 1e31 1e31 1e31 1e31 1e31 1e31 1e31 1e31 1e31 1e31
2053.03 2025.56 2015.9 2043.51 2089.32 2150.88 2217.7 2294.22 2307.85 2286.96 2235.85 2202.92 2211.49 2260.41 2325.39 2334.01 2281.2 2188.62 2162.99 2163.06 2172.57 2230.13 2289.23 2320.85 2369.6 2445.94 2474.71 2474.7 2465.65 2446.14 2424.25 2400.76 2367.22 2313.17 2265.84 2246.88 2230.89 2205.35 2179.93 2165.17 2158.03 2146.25 2131.17 2108.6 2092.19 2078.9 2056.26 1997.72 1973.09 1988.05 2036.13 2067.15 2096.2 2128.89 2166.91 2203.01 2216.77 1e31 1e31 1e31 1e31 1e31 1e31 1e31 1e31 1e31 1e31 1e31 1e31 1e31
2081.49 2074.78 2055.1 2100.2 2145.86 2208.61 2268.74 2332.49 2324.66 2276.19 2224.04 2208.94 2241.55 2325.02 2390.59 2386.11 2268.25 2213.64 2196.72 2216.67 2224.04 2280.03 2362.41 2395.78 2431.01 2489.44 2487.26 2472.91 2452.78 2421.56 2393.14 2351.53 2304.41 2270.5 2239.83 2216.57 2208.03 2196.96 2184.05 2178.29 2165.84 2149.77 2133.36 2115.99 2101.64 2083.45 2058.15 2016.1 2031.4 2036.21 2086.05 2108.52 2128.71 2156.84 2193.5 2222.41 1e31 1e31 1e31 1e31 1e31 1e31 1e31 1e31 1e31 1e31 1e31 1e31 1e31 1e31
2087.79 2077.82 2081.91 2133.39 2193 2261.8 2342.23 2377.22 2291.54 2245.44 2226.44 2243.27 2310.32 2370.53 2434.48 2370.84 2275.03 2234.82 2263.79 2283.58 2281.18 2343.8 2406.41 2463.38 2499.73 2506.18 2489.5 2457.73 2413.45 2367.98 2342.43 2312.88 2281.36 2237.54 2214.81 2206.95 2214.1 2225.89 2213.19 2207.63 2188.03 2168.33 2149.3 2130.69 2115.73 2096.4 2068.21 2040.91 2055.54 2074.11 2142.19 2154.81 2169.21 2184.34 2208.25 2231.76 1e31 1e31 1e31 1e31 1e31 1e31 1e31 1e31 1e31 1e31 1e31 1e31 1e31 1e31
2085.48 2076.11 2104.63 2160.54 2235.17 2314.23 2356.24 2432.03 2297.6 2260.5 2253.35 2284.4 2346.7 2409.18 2475.21 2389.99 2297.16 2274.58 2300.91 2330.64 2360.1 2412.86 2458.47 2509.84 2527.91 2512.28 2477.42 2415.59 2354.48 2326.76 2316.66 2292.64 2249.42 2216.99 2214.59 2227.75 2258.15 2278.03 2274.07 2247.02 2217.53 2191 2170.97 2150.48 2130.79 2105.04 2083.59 2071.74 2084.05 2153.78 2190.78 2197.09 2203.42 2207.9 2217.71 2235.33 1e31 1e31 1e31 1e31 1e31 1e31 1e31 1e31 1e31 1e31 1e31 1e31 1e31 1e31
2088 2091.8 2127.33 2185.19 2268.02 2349.01 2428.81 2466.7 2380.34 2312.86 2303.69 2323.12 2380.92 2442 2503.06 2397.58 2353.42 2331.79 2353.46 2364.32 2417.78 2474.23 2521.96 2544.48 2539.83 2520.52 2476.8 2395.74 2356.12 2327.54 2316.1 2283.91 2244.15 2221.19 2228.55 2274.12 2352.21 2358.17 2348.84 2312 2251.64 2214.45 2188.54 2166.34 2143.18 2112.38 2095.28 2096.85 2156.55 2205.18 2229.23 2234.04 2229.97 2228.22 2233.18 2241.99 1e31 1e31 1e31 1e31 1e31 1e31 1e31 1e31 1e31 1e31 1e31 1e31 1e31 1e31
