CaseStudy/Spatial/dem.asc
NCOLS 254
NROWS 194
XLLCORNER 688366.000000
YLLCORNER 5102403.800000
CELLSIZE 100.000000
NODATA_VALUE        1e31
[rows 93 to 123 of 194, columns 70 to 139 of 254]
1890.12 1895.08 1900.6 1902.81 1900.71 1887.25 1884.23 1884.9 1882.88 1876.39 1862.72 1834.28 1801.17 1768.96 1761.91 1764.26 1772.93 1766.16 1759.52 1751.04 1742.98 1741.81 1736.54 1732.91 1731.69 1727.72 1723.09 1722.32 1717.75 1710.58 1706.32 1702.39 1694.48 1684.55 1679.48 1669.48 1659.81 1651.38 1640.64 1632.28 1623.8 1613.09 1610.6 1603.72 1594.47 1582.92 1573.4 1564.02 1553.65 1543.57 1534.08 1532.64 1531.54 1533.53 1535.33 1537.72 1539.7 1537.09 1539.35 1543.55 1554.09 1552.99 1552.1 1550.76 1554.32 1561.34 1572.1 1581.57 1584.67 1593.92
1925.4 1933.06 1946.18 1956.66 1956.98 1944.68 1933.06 1935.78 1929.77 1915.7 1897.22 1868.97 1819.27 1784.24 1793.14 1797.6 1818.8 1816.44 1810.98 1799.04 1786.45 1779.34 1770.99 1768 1766.21 1764.61 1760.86 1759.4 1749.9 1741.92 1738.95 1732.95 1724.52 1714.92 1709.4 1699.55 1688.94 1674.89 1670.64 1657.94 1654.88 1643.92 1637.1 1625.61 1616.09 1601.82 1585.37 1574.61 1563.72 1551.35 1542.24 1533.68 1527.2 1524.38 1523.97 1524.14 1523.83 1523.65 1523.72 1524.34 1526.75 1526.36 1524.02 1523.46 1524.04 1529.06 1537.98 1545.69 1539.14 1544.19
1949.69 1961.97 1978.42 1991.04 1999.14 1996.56 2001.05 1993.18 1985.55 1964.32 1935.19 1879.59 1825.88 1809.47 1829.56 1841.11 1872.31 1877.92 1879.82 1855.64 1838.93 1825.76 1818.16 1818.22 1818.44 1815.18 1805.8 1803.94 1786.88 1780.51 1777.22 1772.01 1763.13 1750.83 1745.19 1732.31 1717.84 1707.91 1700.26 1690 1688.37 1678.13 1668.87 1659.65 1648.58 1632.84 1618.22 1601.38 1588.49 1577.32 1564.31 1549.16 1542.3 1531.18 1525.01 1523 1521.71 1520.9 1520.4 1519.09 1519.03 1519.3 1518.51 1518.63 1518.4 1518.6 1522.06 1524.98 1520.76 1521.9
1967.26 1983.36 2000.25 2018.65 2035.84 2043.54 2050.68 2043.98 2030.23 2005.87 1959.06 1883.69 1838.34 1838.59 1857.91 1877.93 1910.67 1924.29 1926.08 1923.78 1909.65 1896.93 1884.54 1873.7 1872.83 1867.41 1858.02 1846.21 1832 1824.64 1820.65 1812.62 1812.65 1796.64 1788.27 1775.91 1761.01 1748.35 1734.03 1725.92 1716.23 1707.53 1704.26 1692.8 1680.98 1666.21 1648.26 1634.8 1623.14 1614.09 1598.26 1577.1 1572.63 1556.35 1543.93 1538.4 1530.85 1525.14 1522.73 1522.78 1521.15 1519.34 1518.41 1515.3 1514.18 1513.04 1514.05 1514.84 1513.01 1510.39
1984.49 2001.4 2020.3 2045.55 2060.34 2067.93 2079.47 2078.36 2057.75 2029.87 1966.03 1884.41 1848.6 1853.84 1872.18 1903.67 1945.01 1964.58 1971.27 1983.03 1975.59 1966.51 1950.46 1924.48 1917.5 1911.05 1900.87 1886.21 1874.85 1863.27 1858.85 1848.5 1851.98 1845.89 1829.99 1818.6 1808.68 1791.04 1773.59 1760.65 1747.07 1733.48 1736 1726.46 1713.7 1704.53 1696.12 1681.71 1666.14 1652.43 1636.72 1623.7 1617.08 1603.32 1589.02 1578.61 1573.24 1557.14 1542.36 1538.89 1530.33 1526.47 1524.8 1523.04 1522.54 1516.29 1512.95 1512.15 1511.16 1510.03
2001.45 2018.33 2038.79 2066.87 2080.7 2088.55 2105.63 2106.36 2080.55 2053.97 1968.92 1889.63 1855.02 1867.05 1884.09 1923.08 1970.68 1984.61 2009.7 2045.32 2047.31 2027.6 1997.26 1976.77 1962.38 1961.6 1948.98 1926.25 1909.45 1899.74 1893.03 1879.57 1886.81 1884.74 1876.4 1861.56 1855.18 1839.98 1817.88 1802.32 1778.51 1763.28 1758.63 1760.44 1752.27 1744.21 1737.82 1726.59 1714.35 1704.82 1686.29 1671.53 1656.37 1645.95 1634.55 1627.22 1618.43 1608.09 1593.45 1586.99 1575.19 1566.9 1562.31 1557.46 1551.84 1546.17 1540.49 1538.16 1532.71 1529.24
2019.32 2036.43 2061.23 2085.64 2099.83 2111.51 2134.64 2139.29 2112.43 2062.22 1982.27 1914.63 1864.48 1870.91 1901.41 1941.5 1981.84 2004.92 2039.74 2084.67 2103.15 2096.76 2041.39 2014.26 2006.51 2008.22 1989.64 1966.09 1945.05 1936.06 1923.34 1911.13 1929.38 1929.32 1925.15 1910.65 1905.3 1887.48 1867.56 1839.57 1813.56 1793.21 1782.59 1787.17 1785.83 1779.26 1767.48 1759.24 1751.46 1746.74 1729.76 1722.39 1711.76 1703.06 1688.69 1678.21 1663.34 1651.63 1640.31 1636.67 1631.55 1623.27 1619.59 1615.71 1612.15 1606.74 1595.36 1588.1 1580.24 1569.29
2038.79 2052.92 2081.44 2103.18 2117.69 2133.02 2165.14 2188.39 2131.61 2064.47 1998.28 1924.53 1879.53 1873.88 1902.39 1937.57 1981.99 2015.12 2071.77 2114.7 2139.8 2141.09 2104.17 2072.34 2050.23 2051.58 2025.33 2011.1 1983.98 1964.11 1941.46 1948.46 1974.14 1980.41 1975.44 1949.56 1937.22 1930.32 1904.78 1875.23 1849.85 1813.6 1805.46 1807.06 1816.3 1815.57 1802.34 1795.91 1784.88 1785.09 1772.5 1771.89 1766.36 1760.99 1746.53 1734.42 1720.08 1708.6 1684.67 1696.03 1688 1680.56 1677.53 1672.84 1664.65 1661.06 1650.53 1640.61 1628.87 1616.35
2054.51 2068.77 2094.45 2119.85 2134.82 2149.36 2183.21 2196.42 2128.72 2070.98 2009.66 1947.78 1902.25 1887.02 1918.23 1963.28 1993.21 2041.51 2102.12 2146.91 2182.05 2184.26 2162.47 2130.77 2103.72 2091.55 2067.87 2057.1 2043.43 1991.12 1950.3 1973.06 2007.71 2027.31 2029.66 1999.27 1964.05 1966.32 1943.45 1919.92 1869.79 1845.2 1837.49 1833.67 1854.97 1859.49 1847.12 1833.07 1828.03 1826.89 1818.95 1819.8 1817.03 1814.37 1799.8 1787.93 1775.87 1756.74 1721.55 1742.71 1740.09 1738.81 1733.58 1728.81 1724.44 1727.18 1714.92 1705.44 1689.4 1673.35
2066.09 2085.64 2114.34 2138.01 2150.22 2172.37 2201.06 2188.61 2121.91 2073.98 2028.12 1964.63 1906.66 1909.12 1942.16 1988.62 2016.02 2075.38 2130.06 2185.65 2217.97 2215.79 2206.83 2165.82 2131.76 2097.74 2092.16 2085.43 2057.82 2006.9 1987.23 2023.4 2047.9 2058.1 2068.06 2036.15 1996.55 1997.7 1980.91 1934.18 1906.61 1889.4 1867.21 1862.27 1885.35 1903.58 1892.37 1883.64 1875.21 1870.95 1864.91 1868.6 1868.54 1865.56 1856.51 1840.23 1820.7 1790.81 1769.04 1789.51 1791.93 1791.12 1790.48 1796.69 1796.4 1807.49 1780.77 1759.7 1742.79 1726.38
2078.97 2099.72 2135.61 2155.07 2174.42 2191.9 2219.56 2171.32 2113.65 2076.95 2043.01 1972.07 1915.29 1930.65 1961.43 2008.09 2043.71 2097.52 2151.76 2215.64 2247.31 2240.4 2235.85 2193.01 2151.62 2107.29 2111.31 2087.92 2073.7 2071.46 2046.96 2068.91 2097.42 2103.02 2081.52 2051.17 2034.67 2025.78 2001.34 1981.83 1954.47 1921.24 1898.38 1883.36 1887.72 1931.15 1953.85 1945.56 1932.65 1919.75 1912.03 1918.01 1924.32 1922.43 1909.95 1886.77 1847.09 1811.75 1809.07 1830.51 1855.73 1857.9 1863.47 1877.94 1872.87 1877.32 1839.94 1808.42 1797.83 1783.05
2102.42 2117.04 2155.45 2176.75 2191.6 2215.3 2205.13 2149.15 2098.98 2066 2048.32 1976.75 1939.76 1943.15 1981.06 2034.82 2073.13 2118.5 2164.13 2221.37 2271.42 2263.85 2259.01 2224.28 2171.97 2146.34 2121.1 2098.51 2098.65 2104.24 2107.76 2116.76 2129.91 2129.24 2092.74 2074.13 2064.86 2050.54 2042.52 2027.93 1985.05 1942.91 1917.57 1900.14 1894.73 1946.74 2001.02 2014.12 1983.86 1962.82 1968.55 1974.44 1982.55 1983.13 1948.8 1908.42 1872.44 1841.88 1842.11 1869.52 1908.49 1932 1935.31 1952.49 1950.1 1974.19 1921.79 1869.1 1843.39 1835.59
2118.74 2129.42 2180.2 2200.35 2214.59 2207.06 2161.08 2125.03 2083.76 2053.46 2039.03 1982.36 1972.51 1970.94 1998.32 2054.87 2095.47 2151.84 2183.12 2229.35 2288.64 2283.11 2277.23 2246.03 2194.89 2168.7 2137.98 2144.38 2145.28 2142.66 2137.38 2139.04 2144.82 2141.68 2109.4 2096.52 2094.76 2080.63 2087.67 2075.06 2031.45 1976.45 1922.65 1900.79 1920.26 1966.02 2031.03 2063.98 2033.5 2013.26 2024.57 2036.08 2044.02 2016.29 1972.81 1929.69 1891.69 1877.1 1873.8 1902.85 1945.39 1999.15 2004.35 2020.99 2034.52 2021.38 1959.03 1918.62 1904.16 1899.57
2137.57 2148.68 2205.29 2227.59 2223.29 2164.44 2128.22 2107.28 2074.15 2045.8 2027.36 2009.96 2011.85 1989.3 2016.56 2071.74 2123.8 2182.48 2208.67 2244.95 2306.24 2306 2298.82 2246.03 2208.7 2199.12 2178.81 2181.57 2183.23 2180.71 2164.79 2158.72 2152.9 2148.48 2141.64 2133.9 2142.65 2139.03 2127.34 2121.01 2060.85 1991.03 1938.6 1927.44 1948.04 1999.77 2062.16 2114.78 2075.02 2062.29 2078.82 2097.1 2083.9 2027.07 1991.72 1948.52 1927.41 1906.37 1901.39 1928.29 1974.73 2039.95 2075.67 2091.47 2098.84 2030.9 1987.89 1969.99 1963.31 1957.74
2155.93 2171.74 2237.96 2244.33 2203.25 2141.2 2110.65 2088.27 2072.35 2053.23 2034.52 2036.76 2022.04 2025.57 2049.71 2103.99 2156.86 2203.62 2222.99 2244 2319.26 2334.79 2328.77 2252.32 2227.94 2223.15 2219.78 2220.26 2212.12 2202.72 2184.38 2181.64 2175.02 2173.26 2165.98 2166.8 2212.32 2225.12 2170.12 2142.58 2091.93 2032.41 1983.79 1960.06 1970.03 2028.33 2078.93 2161.29 2129.65 2135.86 2144.09 2144.07 2090.84 2038.16 1993.25 1972.52 1956.45 1939.95 1932.93 1951.6 1988.51 2060.15 2137.66 2162.71 2111.82 2024.58 2016.44 2020.52 2014.3 2013.97
2175.3 2204.36 2254.53 2236.1 2198.36 2137.4 2088.23 2071.7 2067.07 2051.8 2050.76 2049.68 2070.9 2085.48 2107.25 2135.43 2177.38 2205.7 2227.86 2242.31 2308.96 2362.07 2348.58 2289.75 2266.85 2248.54 2246.5 2245.93 2234.24 2217.72 2200.55 2202.11 2208.11 2207.15 2201.55 2215.78 2271.14 2288.26 2191.35 2153.43 2163.37 2106.34 2064.78 2036.49 2026.6 2047.23 2098.29 2204.96 2198.98 2192.29 2206.23 2144.65 2093.03 2046.5 2022.95 1999.39 1982.04 1966.75 1973.89 1985.69 2009.92 2072.14 2163.26 2186.92 2112.32 2040.35 2042.62 2054.34 2061.87 2058.02
2207.35 2245.12 2236.87 2222.63 2197.97 2149.98 2072.54 2061.46 2057.35 2064.93 2065.44 2092.13 2120.25 2138.9 2157.91 2161.25 2186.37 2209.68 2231.41 2247.19 2279.9 2360.79 2369.61 2347.1 2329.53 2274.17 2265.06 2250.52 2238.33 2224.92 2212.27 2223.89 2235.94 2241.65 2261.13 2295.27 2316.52 2289.15 2209.5 2194.01 2193.1 2171.47 2126.48 2119.93 2111.06 2115.11 2151.25 2234.43 2264.5 2263.76 2204.04 2136.88 2104.6 2078.19 2050.97 2018.33 2007.64 2003.16 2029.33 2015.69 2035.19 2091.7 2176.71 2197.16 2123.69 2076.18 2069.25 2095.81 2108.48 2100.58
2235.53 2258.03 2217.46 2200.07 2179.25 2153.03 2071.88 2059.28 2064.77 2077.75 2090.32 2137.25 2154.52 2169.67 2178.38 2176.25 2201.95 2223.56 2239.22 2250.03 2275.15 2333.52 2382.23 2380.9 2340.08 2293.03 2268.02 2253.44 2241.2 2230.92 2234.44 2247.54 2266.26 2302.82 2334.03 2335.7 2307.4 2252.98 2233.31 2227.28 2209.69 2206.43 2194.08 2172.87 2149.74 2175.07 2192.37 2260.97 2329.87 2272.95 2186.98 2160.22 2134.29 2108.44 2072.77 2050.61 2043.62 2043.6 2048.3 2048.36 2059.49 2107.52 2190.04 2217.28 2151.92 2124.32 2128.49 2143.82 2143.94 2127.27
2266.55 2228.86 2199.79 2188.14 2161.23 2129.02 2080.45 2063.46 2082.19 2094.89 2131.8 2167.31 2176.85 2187.2 2191.82 2195.58 2225.57 2245.05 2251.4 2253.79 2269.96 2310.94 2383.69 2379.77 2314.87 2291.56 2271.72 2267.43 2249.44 2246.22 2259.35 2279.76 2328.73 2366.39 2356.06 2316.87 2267.71 2267.66 2259.34 2243.55 2222.99 2220.47 2221.56 2203.66 2198.59 2216.3 2238.93 2281.07 2346.45 2250.6 2209.48 2184.15 2161.89 2134.35 2104.7 2081.4 2079.45 2072.68 2071.56 2074.61 2088.16 2132.56 2215.07 2257.35 2207.57 2187.64 2175.22 2177.82 2149.04 2097.5
2263.28 2221.83 2195.85 2165.24 2130.4 2104.82 2077.91 2084.62 2102.07 2142.64 2183.31 2197.15 2203.08 2211.14 2210.14 2219.52 2241.63 2266.57 2265.26 2262.19 2268.43 2291.24 2370.68 2372.33 2312 2298.78 2291.17 2283.13 2274.19 2273.67 2291.32 2323.52 2384.32 2386.39 2340.92 2296.37 2279.96 2271.11 2274.37 2261.94 2251.02 2245.82 2243.19 2240.46 2217.09 2242.21 2262 2294.88 2350.29 2272.91 2233.48 2210.48 2187.74 2161.36 2138.88 2123.02 2119.42 2120.96 2104.36 2113.58 2133.13 2173.03 2252.52 2310.66 2268.01 2226.7 2198.63 2172.73 2121.25 2094.89
2257.53 2219.45 2186 2135.35 2112.69 2102.57 2111.07 2126.39 2163.82 2198.16 2207.39 2222.44 2235.5 2247.25 2235.84 2243.43 2263.06 2284.76 2285.28 2273.87 2272.45 2287.1 2358.89 2384.13 2332.69 2306.73 2293.34 2286.52 2287.86 2305.03 2321.25 2379.68 2423.05 2398.43 2335.82 2311.44 2304.36 2294.78 2292.89 2283.94 2284.56 2286 2284.58 2272.85 2232.11 2252.94 2277.96 2304.87 2362.88 2329.08 2272.45 2235.7 2215.37 2191.47 2179.15 2160.46 2150.6 2165.84 2172.97 2178.32 2175.1 2191 2274.89 2330.05 2276.59 2231.96 2196.25 2154.26 2130.42 2112.68
2252.13 2217.97 2174.96 2151.29 2136.47 2137.29 2155.95 2189.41 2221.24 2231.97 2232.79 2247.99 2259.46 2276.49 2258.39 2266.24 2283.35 2313 2317.09 2317.4 2316.99 2324.67 2361.29 2408.95 2363.58 2314.95 2289.7 2290.24 2294.97 2319.42 2354.94 2428.39 2462.42 2418.45 2363.51 2337.12 2330.08 2326.27 2314.9 2312.09 2308.19 2313.56 2315.08 2287.97 2257.75 2266.97 2291.5 2338.41 2398.74 2413.99 2347.59 2281.95 2238.14 2230.62 2215.29 2191.63 2186.75 2211.93 2209.19 2196.46 2179.32 2190.47 2268.7 2329.72 2268.51 2220.8 2179.32 2156.11 2137.27 2129.99
2245.19 2204.85 2200.75 2203.16 2189.75 2192.93 2215.41 2241.4 2259.89 2261.57 2259.7 2272.14 2290.66 2299.79 2283.54 2292.39 2324.64 2374.3 2371.04 2350.01 2344.04 2371.43 2407.4 2435.22 2384.88 2321.63 2291.45 2301.3 2319.42 2346.84 2412.47 2474.16 2482.19 2446.32 2412.08 2401.02 2387.59 2370.22 2348.45 2335.51 2346.88 2359.02 2371.85 2345.53 2301.12 2283.03 2332.52 2394.57 2447.19 2448.06 2365.57 2330.37 2273.1 2268.52 2245.25 2238.34 2238.88 2253.41 2244.84 2212.62 2190.26 2213.39 2274.47 2342.56 2276.23 2238.18 2188.89 2167.47 2160.57 2151.1
2262.92 2232.58 2221.51 2229.91 2227.88 2252.91 2272.74 2286.34 2288.99 2289.13 2292.3 2302.48 2318.38 2313.55 2317.22 2333.76 2380.13 2439.39 2445.71 2409.45 2389.46 2419.97 2489.72 2490.14 2421.14 2349.86 2317.74 2321.57 2353.04 2404.15 2461.04 2459.15 2426.18 2387.35 2360.59 2389.35 2414.29 2405.68 2394.41 2392.05 2375.85 2367.01 2377.06 2384.57 2352.14 2346.32 2394.06 2441.7 2480.75 2471.56 2422.46 2384.61 2317.18 2296.83 2274.67 2282.43 2303.97 2301.36 2270.89 2237.34 2212.63 2244 2309.79 2370.8 2302.49 2273.01 2221.58 2205.58 2183.28 2158.28
2311.67 2266.86 2231.95 2241.06 2282.64 2314.19 2314.44 2320.14 2322.78 2324.7 2328.41 2358.83 2402.1 2347.25 2339.57 2373.23 2438.08 2483.84 2495 2495.3 2487.45 2479.08 2460.7 2457.53 2462.94 2445.57 2393.84 2400.32 2425.74 2426.17 2411.64 2387.08 2352.79 2315.23 2284.17 2314.5 2352.82 2340.44 2325.11 2319.91 2302.27 2291.16 2299.7 2330.23 2332.96 2330.16 2347.45 2384.94 2419.09 2448.45 2449.44 2415.44 2389.62 2364.48 2363.09 2376.4 2391.07 2328.28 2296.78 2250.32 2238.86 2267.3 2348.43 2412.77 2337.12 2303.54 2273.26 2243.97 2228.01 2187.29
2325.73 2285 2266.8 2287.55 2354.77 2384.86 2382.18 2360.77 2369.57 2353.69 2355.8 2377.13 2390.72 2381.81 2399.46 2423 2442.12 2444.64 2448.29 2450.36 2447.48 2426.18 2383.31 2382.68 2409.47 2421.54 2417.79 2404.5 2386.1 2362.71 2339.16 2306.47 2272.87 2258.71 2221.49 2247.25 2272.13 2264.16 2251.45 2243.81 2223.31 2217.81 2236.38 2250.07 2269.2 2259.28 2278.7 2324.14 2360.81 2390.47 2395.49 2390.99 2415.44 2427.4 2435.41 2441.86 2442.79 2366.6 2327.12 2288.21 2270.99 2296.54 2372.21 2441.55 2367.43 2321.9 2304.45 2272.25 2251.05 2227.03
2370.12 2346.66 2326.8 2380.22 2421.46 2409.47 2375.88 2353.77 2336.24 2315.99 2313.16 2320.86 2327.35 2328.7 2340.17 2358.77 2376.79 2388.77 2394.41 2399.31 2398.55 2372.06 2343.33 2333.41 2346.79 2364.59 2351.72 2338.93 2319.63 2289.3 2257.9 2238.44 2211.1 2196.73 2174.34 2179.08 2189.9 2180.25 2169.26 2165.41 2151.2 2143.78 2174.13 2176.04 2199.37 2186.91 2218.7 2263.17 2296.55 2325.65 2324.14 2316.75 2350.2 2373.03 2362.67 2381.64 2400.66 2406.57 2378.83 2336.65 2322.57 2339.18 2422.16 2476.12 2405.13 2355.49 2320.24 2292.76 2274.47 2258.72
2385.52 2381.01 2393.46 2412.05 2381.12 2354.51 2328.05 2304 2286.15 2266.69 2261.73 2267.6 2277.78 2287.32 2298.31 2308.34 2316.28 2325.4 2335.61 2342.76 2341.66 2323.87 2302.05 2282.18 2283.87 2291.45 2283.92 2264.38 2245.27 2216.44 2184.43 2172.2 2146.27 2134.5 2117.18 2107.68 2105.13 2100.96 2091.35 2081.56 2076.44 2078.61 2094.11 2101.1 2119.81 2121.59 2166.83 2203.3 2234.11 2258.55 2256.26 2248.02 2283.62 2295.8 2286.65 2309.96 2325.07 2335.88 2348.42 2369.34 2390.49 2410.11 2399.62 2418.56 2457.35 2423.87 2359.4 2318.2 2285.91 2274.38
2366.01 2354.08 2339.01 2351.41 2339.35 2315.89 2286.14 2242.16 2208.99 2194.03 2195.48 2210.91 2229.34 2247.88 2258.51 2262.37 2267.25 2276.71 2286.55 2294.17 2282.36 2269.09 2246.89 2232.14 2217.43 2221.36 2212.53 2197.63 2177.14 2148.01 2124.54 2107.17 2090.5 2070.57 2046.65 2036 2035.79 2028.66 2019.32 2010.77 2006.7 2012.04 2025.54 2039.64 2054.59 2066.14 2102.91 2138.71 2164.04 2186.1 2189.89 2173.84 2214.22 2233.84 2212.95 2237.82 2252.38 2262.24 2279 2304.84 2327.47 2329.53 2321.47 2351.12 2403.56 2402.67 2402.06 2354.45 2297.28 2286.08
2340.81 2322.76 2304.55 2327.02 2317.15 2275.63 2223.84 2181.86 2163.55 2156.38 2159.82 2178.54 2201.26 2216.65 2225.58 2230.21 2233.69 2239.97 2248.19 2251.08 2239.68 2223.19 2200.5 2188.66 2181.18 2174.14 2164.86 2151.26 2121.33 2095.04 2076.39 2058.03 2036.25 2009.83 1988.88 1976.89 1972.44 1967.53 1963.24 1960.47 1956.25 1954.88 1972.34 1988.66 2000.71 2014.78 2045.01 2071.36 2093 2106.47 2106.68 2099.95 2144.78 2164.3 2145.96 2176.1 2202.06 2197.67 2230.08 2250.7 2259.04 2248.15 2250.68 2295.71 2353.97 2339.6 2337.46 2359.78 2330.46 2324.2
2322.37 2301.47 2286.15 2285.81 2278.78 2231.64 2171.67 2149.43 2139.99 2142.31 2147.17 2163.66 2180.06 2187.64 2194.21 2201.42 2207.97 2213.54 2218.37 2218.96 2209.19 2200.38 2180.27 2164.04 2151.53 2140.58 2127.04 2099.35 2068.53 2043.54 2022.44 2002.69 1982.59 1961.14 1934.27 1917.68 1914.81 1912.65 1908.26 1904.74 1901.06 1904.93 1919.89 1939.09 1954.08 1974.36 1996.88 2018.5 2033.3 2040.81 2041.4 2043.17 2070.89 2087.21 2083.11 2105.68 2141.99 2136.47 2164.1 2181.69 2198.52 2186.42 2194.53 2258.54 2287.62 2269.78 2265.91 2286.48 2269.61 2293.8
