CaseStudy/Spatial/dem.asc
NCOLS 254
NROWS 194
XLLCORNER 688366.000000
YLLCORNER 5102403.800000
CELLSIZE 100.000000
NODATA_VALUE        1e31
[rows 62 to 92 of 194, columns 0 to 69 of 254]
1e31 1e31 1e31 1e31 1e31 1e31 1e31 1e31 1e31 1e31 1e31 1e31 1e31 1e31 1e31 1e31 1e31 1e31 1e31 1e31 1e31 1e31 1e31 1e31 1e31 1e31 1e31 1e31 1e31 1e31 1e31 1e31 1e31 1e31 2287.75 2251.69 2213.44 2187.08 1e31 1e31 1e31 1e31 1e31 1e31 1e31 1e31 2100.38 2111.81 2113.68 2125.81 2143.8 2172.76 2208.5 2244.76 2283.8 2320.5 2366.01 1e31 1e31 1e31 1e31 1e31 1e31 1e31 1e31 1e31 1e31 1e31 1e31 1e31
1e31 1e31 1e31 1e31 1e31 1e31 1e31 1e31 1e31 1e31 1e31 1e31 1e31 1e31 1e31 1e31 1e31 1e31 1e31 1e31 1e31 1e31 1e31 1e31 1e31 1e31 1e31 1e31 1e31 1e31 1e31 1e31 1e31 1e31 2277.69 2232.99 2189.89 2161.85 2135.46 1e31 1e31 1e31 1e31 1e31 1e31 2065.36 2072.23 2082.34 2087.39 2099.78 2123.92 2153.24 2191.84 2225.79 2262.61 2294.37 2336.4 2401.65 1e31 1e31 1e31 1e31 1e31 1e31 1e31 1e31 1e31 1e31 1e31 1e31
1e31 1e31 1e31 1e31 1e31 1e31 1e31 1e31 1e31 1e31 1e31 1e31 1e31 1e31 1e31 1e31 1e31 1e31 1e31 1e31 1e31 1e31 1e31 1e31 1e31 1e31 1e31 1e31 1e31 1e31 1e31 1e31 1e31 1e31 2254.34 2214.23 2172.33 2138.34 2103.81 2085.96 2069.27 2055.31 2044.55 2025.28 2010.23 2029.31 2041.59 2052.52 2061.58 2072.78 2096.51 2126.55 2168.62 2201 2239.56 2278.44 2308.58 2374.65 2432.86 1e31 1e31 1e31 1e31 1e31 1e31 1e31 1e31 1e31 1e31 2464.76
1e31 1e31 1e31 1e31 1e31 1e31 1e31 1e31 1e31 1e31 1e31 1e31 1e31 1e31 1e31 1e31 1e31 1e31 1e31 1e31 1e31 1e31 1e31 1e31 1e31 1e31 1e31 1e31 1e31 1e31 1e31 1e31 1e31 1e31 2227.9 2189.7 2145.24 2103.32 2074.94 2071.36 2059.26 2038.55 2014.05 1999.06 2001.09 1999.02 2016.34 2029.73 2040.36 2051.43 2070.83 2100.11 2139.43 2180.07 2219.7 2257.15 2286.82 2346.39 2419.96 2480.31 1e31 1e31 1e31 1e31 1e31 1e31 1e31 1e31 2476.85 2451.17
1e31 1e31 1e31 1e31 1e31 1e31 1e31 1e31 1e31 1e31 1e31 1e31 1e31 1e31 1e31 1e31 1e31 1e31 1e31 1e31 1e31 1e31 1e31 1e31 1e31 1e31 1e31 1e31 1e31 1e31 1e31 1e31 1e31 1e31 2196.4 2161.01 2110.35 2074.34 2061.97 2060.77 2046.83 2026.08 2007.84 1999.05 2000 1996.51 1996.41 2003.29 2021.81 2031.72 2048.97 2075.81 2114.91 2158.46 2198.54 2239.15 2269.55 2315.23 2394.91 2457.65 2484 1e31 1e31 1e31 1e31 1e31 1e31 2525.99 2465.98 2433.99
1e31 1e31 1e31 1e31 1e31 1e31 1e31 1e31 1e31 1e31 1e31 1e31 1e31 1e31 1e31 1e31 1e31 1e31 1e31 1e31 1e31 1e31 1e31 1e31 1e31 1e31 1e31 1e31 1e31 1e31 1e31 1e31 1e31 1e31 2180.86 2145.17 2095.85 2061.91 2057.2 2055.61 2051.17 2037.25 2019.82 2012.14 2005.84 1996.64 1996.66 1996.74 2008.61 2017.78 2030.68 2056.13 2091.58 2133.93 2180.67 2221.36 2253.76 2290.63 2357.73 2429.42 2463.14 2487.84 1e31 1e31 1e31 1e31 2561.89 2499.55 2450.37 2427.78
1e31 1e31 1e31 1e31 1e31 1e31 1e31 1e31 1e31 1e31 1e31 1e31 1e31 1e31 1e31 1e31 1e31 1e31 1e31 1e31 1e31 1e31 1e31 1e31 1e31 1e31 1e31 1e31 1e31 1e31 1e31 1e31 1e31 1e31 1e31 2145.23 2103.84 2067.64 2060.4 2064.32 2062.38 2050.77 2041.88 2044.03 2037.4 2010.88 1996.29 1997.37 2000.88 2006.04 2016.23 2037.45 2068.88 2111.78 2161.34 2201.3 2240 2276.18 2325.76 2405.2 2439.57 2469.93 2493.23 2513.96 2535.32 2553.95 2536.23 2471.9 2430.72 2412.61
1e31 1e31 1e31 1e31 1e31 1e31 1e31 1e31 1e31 1e31 1e31 1e31 1e31 1e31 1e31 1e31 1e31 1e31 1e31 1e31 1e31 1e31 1e31 1e31 1e31 1e31 1e31 1e31 1e31 1e31 1e31 1e31 1e31 1e31 1e31 2171.03 2127.14 2100.91 2085.64 2083.46 2076.02 2062.57 2065.49 2073.41 2065.24 2040.45 2020.76 2010.47 1996.69 1997.5 2006.98 2022.27 2049.02 2088.93 2141.01 2185.92 2228.07 2262.6 2306.67 2379.1 2417.92 2454.63 2479.69 2504.7 2526.2 2545.8 2515.05 2441.99 2407.2 2387.58
1e31 1e31 1e31 1e31 1e31 1e31 1e31 1e31 1e31 1e31 1e31 1e31 1e31 1e31 1e31 1e31 1e31 1e31 1e31 1e31 1e31 1e31 1e31 1e31 1e31 1e31 1e31 1e31 1e31 1e31 1e31 1e31 1e31 1e31 1e31 2185.17 2151.82 2128.63 2121.06 2112.92 2104.65 2090.96 2103.59 2106.62 2080.5 2065.7 2043.67 2017.4 1997.92 1995.31 1999.55 2013.99 2037.4 2072.69 2121.47 2176.1 2215.27 2253.03 2293.22 2354.94 2402.07 2437.52 2466.21 2492.45 2515.84 2533.01 2497.4 2416.24 2377.14 2353.68
1e31 1e31 1e31 1e31 1e31 1e31 1e31 1e31 1e31 1e31 1e31 1e31 1e31 1e31 1e31 1e31 1e31 1e31 1e31 1e31 1e31 1e31 1e31 1e31 1e31 1e31 1e31 1e31 1e31 1e31 1e31 1e31 1e31 1e31 1e31 2205.64 2178.55 2158.81 2147.11 2139.29 2135.07 2123.83 2140.11 2138.54 2102.84 2079.34 2052.13 2019.05 1998.43 1995.23 1997.46 2010.33 2030.55 2065.63 2113.24 2160.77 2202.54 2238.2 2277 2333.85 2389.08 2422.12 2456.68 2482.43 2508.45 2523.14 2491.81 2396.59 2343.58 2329.72
1e31 1e31 1e31 1e31 1e31 1e31 1e31 1e31 1e31 1e31 1e31 1e31 1e31 1e31 1e31 1e31 1e31 1e31 1e31 1e31 1e31 1e31 1e31 1e31 1e31 1e31 1e31 1e31 1e31 1e31 1e31 1e31 1e31 1e31 1e31 2228.53 2203.91 2191.04 2172.57 2163.2 2165.86 2160.74 2168.85 2147.71 2107.96 2079.89 2049.36 2017.12 1997.78 1995.14 1997.2 2009.96 2029.28 2063.32 2116.22 2155.87 2191.04 2221.78 2252.11 2299.15 2360.63 2413.82 2453.56 2479.72 2502.71 2505.77 2452.71 2385.24 2331.44 2327.85
1e31 1e31 1e31 1e31 1e31 1e31 1e31 1e31 1e31 1e31 1e31 1e31 1e31 1e31 1e31 1e31 1e31 1e31 1e31 1e31 1e31 1e31 1e31 1e31 1e31 1e31 1e31 1e31 1e31 1e31 1e31 1e31 1e31 1e31 1e31 2243.71 2221.04 2209.61 2202.74 2197.03 2190.95 2179.91 2170.17 2135.4 2103.38 2076.2 2042.36 2010.25 1996.97 1995.07 1995.12 2007.09 2027 2066.51 2112.74 2149.6 2179.55 2206.04 2232.09 2261.9 2311.49 2382.34 2448.88 2476.98 2466.45 2453.36 2404.36 2357.03 2321.1 2335.82
1e31 1e31 1e31 1e31 1e31 1e31 1e31 1e31 1e31 1e31 1e31 1e31 1e31 1e31 1e31 1e31 1e31 1e31 1e31 1e31 1e31 1e31 1e31 1e31 1e31 1e31 1e31 1e31 1e31 1e31 1e31 1e31 1e31 1e31 1e31 2264.92 2240.59 2235.42 2229.45 2199.86 2182.25 2169.2 2160.56 2131.65 2095.23 2072 2036.66 2006.38 1996.05 1995.03 1995.11 2004.86 2026.13 2061.93 2108.77 2145.79 2176.62 2202.98 2230.33 2250.56 2285.05 2349.84 2422.5 2433.93 2393.11 2398.98 2357.36 2318.71 2283.4 2295.58
1e31 1e31 1e31 1e31 1e31 1e31 1e31 1e31 1e31 1e31 1e31 1e31 1e31 1e31 1e31 1e31 1e31 1e31 1e31 1e31 1e31 1e31 1e31 1e31 1e31 1e31 1e31 1e31 1e31 1e31 1e31 1e31 1e31 1e31 1e31 2321.1 2284.62 2258.42 2228.94 2195.62 2175.3 2167.77 2161.15 2128.61 2086.19 2060.49 2029.39 2003.97 1995.95 1994.99 1995.1 2006.61 2028.94 2068.93 2108.4 2144.5 2173.19 2196.91 2221.77 2241.17 2267.72 2323.98 2375.23 2378.82 2334.7 2328.89 2314.6 2262.07 2248.06 2263.48
1e31 1e31 1e31 1e31 1e31 1e31 1e31 1e31 1e31 1e31 1e31 1e31 1e31 1e31 1e31 1e31 1e31 1e31 1e31 1e31 1e31 1e31 1e31 1e31 1e31 1e31 1e31 1e31 1e31 1e31 1e31 1e31 1e31 1e31 1e31 2325.82 2310.22 2258.41 2231.53 2210.88 2190.44 2175.56 2167.92 2114.39 2079.93 2054.01 2028.19 2004.55 1995.8 1994.94 1995.08 2008.96 2032.22 2073.15 2109.13 2141.64 2168.97 2187.51 2209.69 2232.33 2255.4 2302.89 2319.48 2309.21 2274.27 2259.05 2261.92 2219.23 2205.96 2209.36
1e31 1e31 1e31 1e31 1e31 1e31 1e31 1e31 1e31 1e31 1e31 1e31 1e31 1e31 1e31 1e31 1e31 1e31 1e31 1e31 1e31 1e31 1e31 1e31 1e31 1e31 1e31 1e31 1e31 1e31 1e31 1e31 1e31 1e31 2295.74 2288.08 2287.51 2270.69 2241.99 2216.77 2198.78 2181.88 2148.05 2101.47 2077.67 2050.81 2025.48 2003.93 1995.65 1994.87 1995.46 2011.6 2034.48 2071.01 2105.87 2135.23 2162.6 2182.09 2199.15 2220.45 2234.61 2261.14 2246.85 2239.35 2221.29 2198.7 2203.26 2174.88 2151.7 2154.14
1e31 1e31 1e31 1e31 1e31 1e31 1e31 1e31 1e31 1e31 1e31 1e31 1e31 1e31 1e31 1e31 1e31 1e31 1e31 1e31 1e31 1e31 1e31 1e31 1e31 1e31 1e31 1e31 1e31 1e31 1e31 1e31 2250.74 2244.19 2237.54 2243.26 2259.97 2262.55 2243.72 2215.91 2195.95 2179.18 2125.92 2100.69 2079.9 2050.08 2019.17 2001.21 1995.29 1997.68 2003.9 2018.46 2035.71 2065.55 2097.21 2124.64 2152.43 2173.28 2189.55 2204.16 2210.91 2220.11 2191.67 2187.91 2175.05 2140.34 2142.7 2127.81 2091.84 2095.18
1e31 1e31 1e31 1e31 1e31 1e31 1e31 1e31 1e31 1e31 1e31 1e31 1e31 1e31 1e31 1e31 1e31 1e31 1e31 1e31 1e31 1e31 1e31 1e31 1e31 1e31 1e31 1e31 1e31 1e31 1e31 2239.18 2218.76 2203.41 2200.94 2210.08 2224.45 2229.48 2223.71 2210.95 2193.3 2168.43 2119.88 2092.36 2083.04 2046.53 2010.04 1994.56 1993.52 2002.35 2009.46 2020.9 2035.36 2054.94 2080.71 2107.99 2134.35 2157.06 2171.49 2175.86 2173.12 2168.1 2138.33 2122.02 2117.98 2077.95 2077.66 2065.97 2045.82 2034.08
1e31 1e31 1e31 1e31 1e31 1e31 1e31 1e31 1e31 1e31 1e31 1e31 1e31 1e31 1e31 1e31 1e31 1e31 1e31 1e31 1e31 1e31 1e31 1e31 1e31 1e31 1e31 1e31 1e31 1e31 2239.59 2198.85 2189.36 2169.35 2162.52 2178.02 2192.47 2198.1 2198.05 2187.2 2180.64 2160.47 2116.59 2078.92 2046.42 2024.01 1999.47 1988.24 1995.39 2003.44 2009.81 2019.75 2031.24 2042.45 2059.08 2078.89 2108.51 2131.58 2146.68 2143.85 2119.26 2095.34 2078.34 2058.05 2052.21 2031.42 2010.25 2008.32 1992.21 1981.46
1e31 1e31 1e31 1e31 1e31 1e31 1e31 1e31 1e31 1e31 1e31 1e31 1e31 1e31 1e31 1e31 1e31 1e31 1e31 1e31 1e31 1e31 1e31 1e31 1e31 1e31 1e31 1e31 1e31 2288.34 2245.7 2197.76 2174 2143.46 2127.36 2143.02 2154.21 2153.96 2150.14 2139.95 2138.86 2139.59 2117.62 2073.76 2030.76 2006.7 1991.8 1984.58 1993.03 2002.08 2008.24 2016.16 2025.61 2030.67 2037.78 2049.04 2073.24 2080.86 2085.4 2074.48 2045.87 2030.01 2020.26 1997.55 1987.02 1974.11 1955.37 1953.56 1945.05 1930.14
1e31 1e31 1e31 1e31 1e31 1e31 1e31 1e31 1e31 1e31 1e31 1e31 1e31 1e31 1e31 1e31 1e31 1e31 1e31 1e31 1e31 1e31 1e31 1e31 1e31 1e31 1e31 1e31 2324.12 2298.84 2256.72 2200.52 2162.42 2122.55 2096.92 2104.44 2112.5 2109.78 2101.06 2084.75 2088.6 2090.97 2084.47 2069.56 2029.53 2005.06 1988.85 1979.18 1986.66 1996.3 2003.97 2009.18 2015.64 2016.13 2013.86 2015.52 2019.82 2019.12 2016.06 2006.66 1984.07 1968.66 1960.27 1942.58 1929.16 1920.31 1914.82 1904.56 1899.68 1890.27
1e31 1e31 1e31 1e31 1e31 1e31 1e31 1e31 1e31 1e31 1e31 1e31 1e31 1e31 1e31 1e31 1e31 1e31 1e31 1e31 1e31 1e31 1e31 1e31 1e31 1e31 1e31 2334.87 2303.03 2287.67 2251.6 2202.44 2158.43 2112.58 2081.93 2069.52 2067.25 2062.52 2053.47 2038.92 2034.53 2034.1 2030.77 2022.48 2007.67 1989.29 1975.42 1959.96 1974.06 1985.74 1992.95 1996.83 2003.55 1999.35 1991.91 1981.57 1971.52 1958.34 1948.29 1935.97 1927 1913.71 1903.48 1892.57 1878.79 1873.17 1869.79 1863.17 1856.86 1847.31
1e31 1e31 1e31 1e31 1e31 1e31 1e31 1e31 1e31 1e31 1e31 1e31 1e31 1e31 1e31 1e31 1e31 1e31 1e31 1e31 1e31 1e31 1e31 1e31 1e31 1e31 2366.54 2312.42 2283.28 2269.49 2226.16 2189.9 2155.57 2106.54 2076.52 2063.1 2047.33 2036.26 2025.75 2011.98 1999.98 1990.02 1984.32 1977.74 1970.81 1962.59 1952.01 1941.13 1948.31 1963.96 1975.45 1979.6 1985.81 1975.02 1957.96 1939.28 1919.23 1908.18 1895.21 1886.16 1878.36 1867.17 1855.02 1848.03 1835.97 1830.85 1831.67 1827.78 1813.65 1803.96
1e31 1e31 1e31 1e31 1e31 1e31 1e31 1e31 1e31 1e31 1e31 1e31 1e31 1e31 1e31 1e31 1e31 1e31 1e31 1e31 1e31 1e31 1e31 1e31 1e31 1e31 2357.2 2307.46 2273.58 2257.28 2211.67 2185.88 2143.73 2101.4 2073.01 2060.5 2042.66 2028.4 2012.93 1995.34 1979.12 1971.31 1960.79 1945.53 1936.76 1930.19 1923.74 1921.59 1915.4 1926.4 1939.08 1949.06 1953.44 1935.56 1914.38 1897.48 1879.67 1867.46 1853.61 1840.12 1830.41 1820.56 1809.71 1805.38 1803.23 1794.83 1795.92 1792.35 1786.57 1776.54
1e31 1e31 1e31 1e31 1e31 1e31 1e31 1e31 1e31 1e31 1e31 1e31 1e31 1e31 1e31 1e31 1e31 1e31 1e31 1e31 1e31 1e31 1e31 1e31 1e31 1e31 2356.7 2303.13 2281.95 2256.53 2217.21 2194.39 2155.2 2111.41 2081.19 2060.53 2039.86 2021.97 2008.7 1999.73 1977.88 1964.5 1952.78 1938.88 1923.88 1906.15 1894.41 1894.35 1886.45 1893.36 1903.2 1905.95 1909.1 1896.41 1879.97 1868.09 1846.95 1829.83 1820.24 1808.85 1794.5 1783.57 1776.64 1777.08 1776.09 1769.24 1768.09 1764.61 1764.25 1753.61
1e31 1e31 1e31 1e31 1e31 1e31 1e31 1e31 1e31 1e31 1e31 1e31 1e31 1e31 1e31 1e31 1e31 1e31 1e31 1e31 1e31 1e31 1e31 1e31 1e31 1e31 2363.15 2318.27 2281.7 2249.09 2217.2 2198.4 2164.83 2114.9 2078.83 2054.64 2035.47 2015.13 2002.2 1991.77 1972.62 1961.58 1948.33 1938.94 1921.43 1899.81 1881.47 1873.15 1864.96 1858.79 1861.31 1861.88 1863.7 1855.35 1842.13 1829.67 1814.09 1798.13 1786.84 1776.31 1764.41 1758.86 1757.79 1756.14 1755.11 1749.7 1748.6 1746.69 1748.01 1743.49
1e31 1e31 1e31 1e31 1e31 1e31 1e31 1e31 1e31 1e31 1e31 1e31 1e31 1e31 1e31 1e31 1e31 1e31 1e31 1e31 1e31 1e31 1e31 1e31 1e31 1e31 1e31 2347.9 2289.7 2248.52 2209.86 2186.96 2162.78 2119.07 2079.93 2063.69 2051.26 2027.14 2001.47 1989.04 1973.53 1964.08 1954.41 1944.62 1930.96 1908.23 1884.82 1863.71 1846.54 1832.46 1829.6 1828.32 1823.69 1813.56 1806.54 1795.63 1782.86 1770.57 1757.65 1754.42 1751.71 1748.52 1748.36 1747.13 1743.51 1740.22 1738.99 1739.76 1739.77 1736.74
1e31 1e31 1e31 1e31 1e31 1e31 1e31 1e31 1e31 1e31 1e31 1e31 1e31 1e31 1e31 1e31 1e31 1e31 1e31 1e31 1e31 1e31 1e31 1e31 1e31 1e31 1e31 1e31 2300.45 2248.09 2218.38 2197.41 2166.8 2131.61 2101.27 2090.05 2088.71 2069.72 2029.59 1999.45 1990.88 1979.42 1968.09 1954.88 1940.41 1921.78 1900.11 1877.42 1857.46 1839.75 1816.49 1803.49 1799.13 1792.7 1784.39 1775.18 1762.42 1755.68 1751.36 1756.04 1756.99 1753.37 1745.92 1743.75 1743.27 1742.68 1741.97 1738.29 1735.82 1740.07
1e31 1e31 1e31 1e31 1e31 1e31 1e31 1e31 1e31 1e31 1e31 1e31 1e31 1e31 1e31 1e31 1e31 1e31 1e31 1e31 1e31 1e31 1e31 1e31 1e31 1e31 1e31 1e31 2305.02 2244.6 2224.63 2209.27 2183.27 2150.95 2124.09 2113.26 2112.23 2098.74 2061.77 2029.88 2018.44 2006.44 1990.46 1973.36 1956.48 1935.64 1914.79 1891.54 1869.34 1850.65 1832.68 1809.17 1794.97 1780.86 1772.32 1762.06 1755.56 1756.15 1766.8 1785.05 1784.23 1771.24 1759.19 1758.14 1757.39 1757.74 1755.85 1757.44 1759.62 1764.98
1e31 1e31 1e31 1e31 1e31 1e31 1e31 1e31 1e31 1e31 1e31 1e31 1e31 1e31 1e31 1e31 1e31 1e31 1e31 1e31 1e31 1e31 1e31 1e31 1e31 1e31 1e31 1e31 1e31 2267.94 2229.03 2212.96 2185.59 2160.8 2140.46 2123.3 2116.46 2105.49 2072.84 2054.07 2039.35 2027.12 2014.14 1995.41 1979.01 1959.36 1934.74 1910.21 1884.37 1860.51 1841.38 1821.73 1799.85 1785.52 1771.28 1762.31 1771.41 1775.86 1799.69 1809.31 1796.33 1796.09 1785.58 1783.78 1782.7 1783.69 1782.46 1790.08 1795.99 1800.56
1e31 1e31 1e31 1e31 1e31 1e31 1e31 1e31 1e31 1e31 1e31 1e31 1e31 1e31 1e31 1e31 1e31 1e31 1e31 1e31 1e31 1e31 1e31 1e31 1e31 1e31 1e31 1e31 1e31 2269.83 2231.5 2198.34 2178.55 2165.06 2152.24 2136.94 2122.97 2115.45 2098.22 2060.96 2046.83 2040.41 2030.88 2017.66 2002.9 1985.91 1960.44 1931.12 1900.81 1871.82 1847.48 1825.2 1801.7 1783.38 1775.24 1785.61 1793.96 1804.94 1832.07 1821.84 1822.39 1827.8 1820.9 1812.4 1814.63 1820.25 1822.97 1838.14 1847.06 1846.87
